# Time    Exp ID    Rot ('')  RA ('')  Dec ('')  See ('')  Scale-1 (e5)  Lurch?
#-------------------------------------------------------------------------------
00:51:13  4         -24.57    -2.23     +1.84     +1.6      +0.0           
00:51:22  5         +0.00     -1.88     +2.03     +0.0      +0.0           
00:51:32  6         -21.72    -1.29     +0.42     +1.8      +0.0           
00:51:42  7         -23.91    -0.25     +0.17     +2.0      +0.0           
00:51:52  8         -8.69     -0.04     +0.18     +1.9      +0.0           
00:52:03  9         -6.52     -0.13     +0.04     +1.7      +0.0           
00:52:13  10        -1.67     +0.20     -0.08     +1.6      +0.0           
00:52:33  12        +2.22     -1.22     +0.96     +1.7      +5.0           
00:52:43  13        -0.17     -0.08     -0.02     +1.8      +5.0           
00:52:53  14        -2.73     +0.14     +0.17     +2.0      +5.0           
00:53:03  15        -4.28     +0.05     -0.04     +2.6      +5.0           
00:53:23  17        +1.24     +0.14     +0.24     +2.2      +6.8           
00:53:33  18        +6.38     -0.14     -0.15     +1.8      +6.8           
00:53:44  19        +1.08     -0.41     +0.39     +2.1      +6.8           
00:54:03  21        +0.75     -0.23     +0.34     +2.7      +9.3           
00:54:14  22        -1.98     +0.01     +0.37     +2.0      +9.3           
00:54:24  23        +0.16     -0.03     +0.17     +2.1      +9.3           
00:54:34  24        -0.54     -0.31     +0.00     +2.0      +9.3           
00:54:45  25        +1.26     +0.21     +0.02     +2.2      +9.3           
00:55:05  27        +1.00     -0.03     +0.15     +2.0      +8.3           
00:55:15  28        -1.34     +0.13     -0.20     +2.0      +8.3           
00:55:26  29        -0.34     -0.03     +0.02     +2.3      +8.3           
00:55:36  30        +1.99     -0.34     +0.17     +2.4      +8.3           
00:55:46  31        -1.42     +0.03     +0.04     +1.8      +8.3           
00:55:56  32        -1.80     +0.09     +0.07     +1.8      +8.3           
00:56:06  33        -0.73     -0.02     -0.23     +1.8      +8.3           
00:56:22  34        +2.31     +0.02     -0.06     +1.7      +8.3           
00:56:48  36        -0.98     +0.10     +0.05     +2.0      +7.3           
00:57:06  37        -0.71     -0.29     +0.07     +1.9      +7.3           
00:57:21  38        +0.51     +0.32     -0.10     +1.7      +7.3           
00:57:37  39        -1.48     +0.30     -0.22     +1.8      +7.3           
00:57:53  40        -5.07     -0.10     +0.15     +1.7      +7.3           
00:58:09  41        -0.80     +0.27     -0.02     +1.6      +7.3           
00:58:25  42        -2.25     -0.05     +0.17     +1.8      +7.3           
00:58:39  43        -1.95     +0.02     +0.01     +1.7      +7.3           
00:58:55  44        -0.90     +0.01     +0.19     +1.8      +7.3           
00:59:09  45        -2.09     +0.20     -0.20     +1.6      +7.3           
00:59:24  46        +2.42     -0.00     +0.06     +2.2      +7.3           
00:59:37  47        -0.32     -0.11     -0.11     +2.0      +7.3           
00:59:53  48        +0.03     -0.06     +0.10     +1.8      +7.3           
01:00:18  50        +0.47     -0.14     -0.09     +1.9      +4.3           
01:00:41  51        +0.90     +0.33     -0.63     +1.9      +4.3           
01:00:57  52        -0.70     +0.42     -0.19     +1.5      +4.3           
01:01:15  53        -1.50     +0.04     -0.05     +1.9      +4.3           
01:01:31  54        +0.37     +0.09     +0.12     +1.7      +4.3           
01:01:47  55        +2.05     +0.20     -0.02     +1.6      +4.3           
01:02:03  56        -0.44     -0.17     -0.06     +1.4      +4.3           
01:02:19  57        +0.43     -0.02     +0.15     +1.6      +4.3           
01:02:34  58        -0.52     -0.05     -0.12     +1.7      +4.3           
01:02:50  59        +1.49     -0.08     +0.05     +1.7      +4.3           
01:03:16  61        -0.78     +0.11     -0.04     +1.7      +2.3           
01:03:36  62        +2.43     +0.28     -0.11     +1.4      +2.3           
01:03:52  63        +0.64     +0.16     +0.01     +1.5      +2.3           
01:04:25  64        +0.22     +0.15     -0.06     +1.5      +2.3           
01:05:01  65        +0.70     +0.10     -0.01     +1.6      +2.3           
01:05:34  66        -0.94     -0.04     -0.02     +1.6      +2.3           
01:06:04  67        -0.22     -0.02     -0.14     +1.7      +2.3           
01:07:03  69        +0.68     +0.26     -0.09     +1.6      -0.2           
01:07:36  70        +2.06     +0.26     -0.07     +1.4      -0.2           
01:08:04  71        +1.01     +0.01     +0.01     +1.6      -0.2           
01:08:37  72        -0.36     -0.18     +0.03     +1.6      -0.2           
01:09:13  73        -0.04     +0.21     -0.07     +1.5      -0.2           
01:09:46  74        +2.76     -0.13     -0.00     +1.7      -0.2           
01:10:20  75        +0.32     +0.33     -0.04     +2.6      -0.2           
01:10:55  76        -2.21     -0.61     +0.12     +1.4      -0.2           
01:11:28  77        +1.84     +0.16     -0.27     +1.3      -0.2           
01:12:04  78        -0.08     -0.01     -0.09     +1.3      -0.2           
01:12:37  79        -0.02     +0.07     -0.04     +1.2      -0.2           
01:13:12  80        +0.40     +0.11     +0.05     +1.4      -0.2           
01:13:43  81        -0.67     +0.02     +0.06     +1.3      -0.2           
01:14:16  82        -1.26     +0.14     -0.04     +1.3      -0.2           
01:14:50  83        -2.66     -0.08     -0.05     +1.5      -0.2           
01:15:23  84        -1.39     -0.12     -0.02     +1.5      -0.2           
01:15:59  85        +2.02     +0.13     +0.01     +1.4      -0.2           
01:16:34  86        -1.58     +0.02     +0.13     +1.6      -0.2           
01:17:07  87        -0.19     +0.13     -0.06     +1.3      -0.2           
01:17:45  88        +0.72     -0.15     -0.01     +1.3      -0.2           
01:18:18  89        +0.40     +0.13     -0.05     +1.4      -0.2           
01:18:53  90        -0.04     +0.05     +0.05     +1.3      -0.2           
01:19:27  91        -1.58     -0.05     +0.07     +1.6      -0.2           
01:20:03  92        -0.53     -0.06     +0.01     +1.3      -0.2           
01:20:38  93        -0.21     -0.05     -0.05     +1.6      -0.2           
01:21:10  94        -1.62     +0.04     -0.06     +1.4      -0.2           
01:21:43  95        -2.40     -0.07     +0.11     +1.5      -0.2           
01:22:16  96        +2.17     -0.20     -0.05     +1.4      -0.2           
01:22:49  97        +0.34     +0.03     -0.01     +1.3      -0.2           
01:23:49  99        +1.54     +0.56     -0.76     +1.3      -3.2           
01:24:21  100       +0.55     +0.18     -0.15     +1.5      -3.2           
01:24:57  101       +2.32     -0.03     -0.02     +1.4      -3.2           
01:25:29  102       -0.01     -0.03     +0.01     +1.2      -3.2           
01:26:05  103       +0.40     +0.16     +0.02     +1.3      -3.2           
01:26:38  104       +1.52     +0.09     -0.06     +1.3      -3.2           
01:27:14  105       -0.38     +0.13     +0.05     +1.3      -3.2           
01:27:45  106       +0.55     +0.09     -0.09     +1.3      -3.2           
01:28:19  107       +2.19     +0.04     +0.02     +1.3      -3.2           
01:28:53  108       -0.11     +0.01     +0.07     +1.2      -3.2           
01:29:26  109       -0.78     -0.04     -0.03     +1.3      -3.2           
01:30:01  110       -0.44     +0.23     +0.01     +1.2      -3.2           
01:30:34  111       -0.19     -0.19     +0.07     +1.3      -3.2           
01:31:05  112       -1.22     +0.19     +0.03     +1.3      -3.2           
01:31:36  113       +0.63     -0.02     -0.19     +1.3      -3.2           
01:32:04  114       -0.91     -0.28     -0.04     +1.4      -3.2           
01:32:38  115       +1.05     -0.07     +0.01     +1.3      -3.2           
01:33:13  116       +0.07     -0.01     -0.02     +1.4      -3.2           
01:33:47  117       -0.96     +0.08     +0.03     +1.4      -3.2           
01:34:20  118       -1.60     +0.01     -0.12     +1.5      -3.2           
01:34:55  119       -1.32     +0.04     +0.08     +1.4      -3.2           
01:35:55  121       -0.96     +0.17     -0.06     +1.4      -4.7           
01:36:28  122       -0.78     +0.27     -0.07     +1.5      -4.7           
01:37:02  123       +1.06     +0.02     -0.08     +1.4      -4.7           
01:37:35  124       +1.37     +0.02     +0.04     +1.3      -4.7           
01:38:04  125       +0.72     -0.15     -0.06     +1.6      -4.7           
01:38:38  126       +1.50     -0.02     -0.14     +1.6      -4.7           
01:39:13  127       -1.90     -0.14     -0.03     +1.5      -4.7           
01:39:47  128       -0.23     -0.01     +0.11     +1.6      -4.7           
01:40:21  129       -1.69     +0.21     -0.03     +1.3      -4.7           
01:40:54  130       +0.92     +0.01     +0.06     +1.4      -4.7           
01:41:28  131       -0.92     -0.12     +0.00     +1.4      -4.7           
01:42:04  132       +1.38     -0.13     +0.06     +1.3      -4.7           
01:42:37  133       -0.10     +0.02     -0.24     +1.2      -4.7           
01:43:12  134       -0.18     +0.08     +0.12     +1.2      -4.7           
01:43:46  135       -0.72     +0.08     -0.08     +1.3      -4.7           
01:44:19  136       -0.25     +0.10     +0.05     +1.5      -4.7           
01:44:53  137       +0.80     -0.13     -0.01     +1.3      -4.7           
01:45:26  138       -0.15     -0.07     -0.08     +1.4      -4.7           
01:46:02  139       -0.58     +0.07     +0.08     +1.4      -4.7           
01:46:35  140       +0.48     +0.19     -0.01     +1.3      -4.7           
01:47:04  141       +1.43     +0.14     -0.05     +1.3      -4.7           
01:47:37  142       +1.82     -0.05     -0.11     +1.3      -4.7           
01:48:11  143       -1.44     +0.09     +0.15     +1.3      -4.7           
01:48:45  144       -0.32     +0.01     -0.13     +1.3      -4.7           
01:49:43  146       -0.48     +0.21     -0.33     +1.3      -6.7           
01:50:17  147       -0.64     +0.07     -0.27     +1.4      -6.7           
01:50:51  148       -0.41     +0.05     +0.00     +1.2      -6.7           
01:51:24  149       -0.75     +0.07     +0.07     +1.4      -6.7           
01:51:59  150       +0.28     +0.09     -0.01     +1.3      -6.7           
01:52:35  151       +0.25     -0.07     +0.02     +1.2      -6.7           
01:53:07  152       -1.56     +0.09     +0.01     +1.5      -6.7           
01:53:43  153       +0.66     -0.03     -0.18     +1.3      -6.7           
01:54:13  154       -0.15     +0.11     -0.02     +1.4      -6.7           
01:54:45  155       +0.06     +0.05     -0.01     +1.4      -6.7           
01:55:18  156       +0.96     -0.00     +0.18     +1.5      -6.7           
01:55:54  157       +0.34     +0.04     -0.11     +1.3      -6.7           
01:56:27  158       -0.78     +0.10     -0.12     +1.3      -6.7           
01:57:02  159       +1.40     +0.02     -0.04     +1.3      -6.7           
01:57:36  160       -0.89     +0.05     +0.01     +1.3      -6.7           
01:58:04  161       -0.41     -0.07     -0.11     +1.2      -6.7           
01:58:37  162       +0.12     -0.01     -0.01     +1.4      -6.7           
01:59:13  163       +0.33     -0.05     +0.06     +1.4      -6.7           
01:59:46  164       +0.89     -0.03     -0.05     +1.3      -6.7           
02:00:19  165       +1.16     -0.03     -0.07     +1.4      -6.7           
02:00:55  166       -1.07     +0.02     +0.09     +1.3      -6.7           
02:01:28  167       +0.14     +0.11     +0.04     +1.4      -6.7           
02:02:02  168       +0.24     -0.01     -0.16     +1.5      -6.7           
02:02:35  169       +0.04     +0.17     -0.05     +1.3      -6.7           
02:03:05  170       +0.90     -0.10     +0.06     +1.4      -6.7           
02:03:36  171       +0.48     +0.07     -0.00     +1.3      -6.7           
02:04:13  172       +0.58     -0.17     +0.23     +2.2      -6.7           
02:17:56  174       -10.28    +0.74     -2.93     +1.4      -6.7           
02:18:06  175       +0.00     +0.42     -2.71     +0.0      -6.7           
02:18:16  176       -14.53    +0.16     -0.11     +1.4      -6.7           
02:18:26  177       -15.13    +0.23     +0.10     +1.3      -6.7           
02:18:36  178       -8.15     -0.00     +0.01     +1.3      -6.7           
02:18:46  179       -3.62     +0.07     +0.07     +1.3      -6.7           
02:18:56  180       -0.96     +0.00     +0.01     +1.4      -6.7           
02:19:15  181       -0.05     +0.04     +0.05     +1.2      -6.7           
02:19:31  182       +0.88     +0.08     +0.04     +1.4      -6.7           
02:19:46  183       -2.66     +0.08     -0.11     +1.3      -6.7           
02:20:02  184       -5.85     -0.10     +0.17     +1.3      -6.7           
02:20:18  185       -3.97     +0.03     -0.01     +1.3      -6.7           
02:20:54  186       -2.02     +0.10     +0.11     +1.3      -6.7           
02:21:27  187       -0.35     +0.15     +0.03     +1.2      -6.7           
02:22:01  188       +2.15     +0.05     -0.05     +1.3      -6.7           
02:22:34  189       +0.32     -0.06     +0.06     +1.3      -6.7           
02:23:08  190       -0.24     +0.02     -0.03     +1.3      -6.7           
02:23:45  191       +1.82     +0.04     -0.02     +1.3      -6.7           
02:24:18  192       -0.11     -0.01     -0.03     +1.3      -6.7           
02:24:52  193       -0.46     -0.03     -0.10     +1.3      -6.7           
02:25:25  194       +0.32     -0.11     -0.08     +1.5      -6.7           
02:25:58  195       +0.74     -0.03     -0.07     +1.4      -6.7           
02:26:29  196       +1.60     +0.09     +0.37     +1.3      -6.7           
02:27:06  197       +1.42     +0.02     -0.10     +1.4      -6.7           
02:27:45  198       -1.18     -0.04     -0.16     +1.4      -6.7           
02:28:18  199       +1.23     -0.03     +0.04     +1.3      -6.7           
02:28:49  200       +1.11     -0.06     +0.02     +1.3      -6.7           
02:29:21  201       +0.29     +0.13     +0.08     +1.4      -6.7           
02:29:55  202       +0.69     -0.08     -0.10     +1.3      -6.7           
02:30:28  203       -1.05     +0.02     +0.05     +1.3      -6.7           
02:31:04  204       +1.67     +0.08     +0.02     +1.5      -6.7           
02:31:37  205       +1.62     +0.05     -0.20     +1.3      -6.7           
02:32:12  206       -0.84     -0.04     +0.09     +1.3      -6.7           
