2.000000000000000000e+00
-1.000000000000000000e+00
0.000000000000000000e+00
5.000000000000000000e+00
-4.000000000000000000e+00
1.800000000000000000e+01
1.700000000000000000e+01
2.100000000000000000e+01
1.100000000000000000e+01
4.000000000000000000e+00
1.000000000000000000e+00
-1.500000000000000000e+01
2.300000000000000000e+01
-3.000000000000000000e+00
-1.100000000000000000e+01
-5.000000000000000000e+00
-4.000000000000000000e+00
1.000000000000000000e+00
-4.000000000000000000e+00
9.000000000000000000e+00
1.000000000000000000e+01
4.400000000000000000e+01
1.840000000000000000e+02
1.350000000000000000e+03
2.273000000000000000e+03
9.280000000000000000e+02
7.800000000000000000e+01
2.800000000000000000e+01
7.700000000000000000e+01
5.440000000000000000e+02
1.976000000000000000e+03
1.717000000000000000e+03
3.380000000000000000e+02
2.000000000000000000e+01
2.500000000000000000e+01
1.720000000000000000e+02
1.227000000000000000e+03
2.118000000000000000e+03
1.184000000000000000e+03
9.900000000000000000e+01
5.300000000000000000e+01
4.200000000000000000e+01
3.400000000000000000e+02
1.766000000000000000e+03
2.107000000000000000e+03
6.020000000000000000e+02
4.800000000000000000e+01
4.200000000000000000e+01
1.460000000000000000e+02
1.096000000000000000e+03
2.279000000000000000e+03
1.177000000000000000e+03
9.200000000000000000e+01
2.300000000000000000e+01
3.800000000000000000e+01
1.820000000000000000e+02
1.005000000000000000e+03
1.930000000000000000e+03
8.810000000000000000e+02
6.500000000000000000e+01
1.900000000000000000e+01
6.900000000000000000e+01
5.230000000000000000e+02
1.868000000000000000e+03
1.659000000000000000e+03
3.000000000000000000e+02
4.000000000000000000e+01
4.900000000000000000e+01
1.240000000000000000e+02
9.740000000000000000e+02
2.204000000000000000e+03
1.219000000000000000e+03
9.700000000000000000e+01
2.800000000000000000e+01
5.500000000000000000e+01
3.300000000000000000e+02
1.734000000000000000e+03
1.981000000000000000e+03
4.760000000000000000e+02
3.100000000000000000e+01
4.600000000000000000e+01
8.800000000000000000e+01
8.860000000000000000e+02
2.519000000000000000e+03
1.724000000000000000e+03
2.110000000000000000e+02
3.000000000000000000e+01
4.200000000000000000e+01
2.560000000000000000e+02
1.433000000000000000e+03
2.067000000000000000e+03
7.240000000000000000e+02
5.500000000000000000e+01
3.300000000000000000e+01
9.400000000000000000e+01
5.850000000000000000e+02
2.049000000000000000e+03
1.735000000000000000e+03
2.920000000000000000e+02
3.800000000000000000e+01
3.000000000000000000e+01
1.250000000000000000e+02
1.049000000000000000e+03
2.127000000000000000e+03
1.176000000000000000e+03
1.130000000000000000e+02
6.100000000000000000e+01
5.500000000000000000e+01
3.110000000000000000e+02
1.612000000000000000e+03
1.942000000000000000e+03
4.850000000000000000e+02
4.800000000000000000e+01
1.100000000000000000e+01
1.040000000000000000e+02
8.050000000000000000e+02
2.137000000000000000e+03
1.516000000000000000e+03
1.860000000000000000e+02
2.000000000000000000e+01
4.400000000000000000e+01
2.520000000000000000e+02
1.558000000000000000e+03
2.276000000000000000e+03
8.440000000000000000e+02
5.100000000000000000e+01
3.100000000000000000e+01
6.900000000000000000e+01
4.160000000000000000e+02
1.867000000000000000e+03
1.623000000000000000e+03
2.910000000000000000e+02
6.100000000000000000e+01
2.600000000000000000e+01
1.510000000000000000e+02
1.088000000000000000e+03
2.071000000000000000e+03
1.069000000000000000e+03
1.080000000000000000e+02
3.200000000000000000e+01
7.300000000000000000e+01
3.650000000000000000e+02
1.728000000000000000e+03
1.809000000000000000e+03
4.010000000000000000e+02
5.600000000000000000e+01
4.000000000000000000e+01
9.300000000000000000e+01
8.060000000000000000e+02
2.056000000000000000e+03
1.298000000000000000e+03
1.410000000000000000e+02
1.100000000000000000e+01
5.400000000000000000e+01
2.150000000000000000e+02
1.395000000000000000e+03
2.047000000000000000e+03
7.440000000000000000e+02
5.700000000000000000e+01
2.200000000000000000e+01
7.900000000000000000e+01
6.890000000000000000e+02
1.948000000000000000e+03
1.439000000000000000e+03
1.660000000000000000e+02
2.800000000000000000e+01
4.500000000000000000e+01
1.780000000000000000e+02
1.206000000000000000e+03
2.291000000000000000e+03
1.073000000000000000e+03
8.300000000000000000e+01
3.900000000000000000e+01
4.300000000000000000e+01
3.610000000000000000e+02
1.694000000000000000e+03
1.940000000000000000e+03
5.030000000000000000e+02
5.000000000000000000e+01
1.000000000000000000e+01
9.000000000000000000e+01
6.560000000000000000e+02
1.752000000000000000e+03
1.298000000000000000e+03
1.630000000000000000e+02
4.000000000000000000e+01
5.400000000000000000e+01
1.870000000000000000e+02
1.349000000000000000e+03
2.200000000000000000e+03
8.070000000000000000e+02
7.800000000000000000e+01
3.200000000000000000e+01
6.500000000000000000e+01
3.020000000000000000e+02
1.755000000000000000e+03
2.015000000000000000e+03
5.320000000000000000e+02
5.700000000000000000e+01
3.900000000000000000e+01
1.350000000000000000e+02
1.112000000000000000e+03
2.084000000000000000e+03
1.069000000000000000e+03
9.900000000000000000e+01
2.300000000000000000e+01
8.200000000000000000e+01
3.070000000000000000e+02
1.701000000000000000e+03
1.921000000000000000e+03
5.040000000000000000e+02
4.500000000000000000e+01
4.200000000000000000e+01
6.700000000000000000e+01
6.170000000000000000e+02
2.036000000000000000e+03
1.635000000000000000e+03
2.810000000000000000e+02
3.700000000000000000e+01
1.900000000000000000e+01
4.100000000000000000e+01
3.180000000000000000e+02
1.922000000000000000e+03
2.198000000000000000e+03
6.210000000000000000e+02
5.700000000000000000e+01
3.500000000000000000e+01
9.100000000000000000e+01
7.680000000000000000e+02
2.320000000000000000e+03
1.860000000000000000e+03
2.530000000000000000e+02
3.700000000000000000e+01
5.800000000000000000e+01
2.210000000000000000e+02
1.566000000000000000e+03
2.541000000000000000e+03
1.084000000000000000e+03
9.800000000000000000e+01
4.600000000000000000e+01
6.000000000000000000e+01
5.860000000000000000e+02
2.324000000000000000e+03
2.182000000000000000e+03
4.590000000000000000e+02
7.500000000000000000e+01
4.300000000000000000e+01
1.460000000000000000e+02
1.100000000000000000e+03
2.453000000000000000e+03
1.565000000000000000e+03
1.580000000000000000e+02
3.400000000000000000e+01
6.300000000000000000e+01
2.780000000000000000e+02
1.657000000000000000e+03
2.424000000000000000e+03
7.780000000000000000e+02
7.500000000000000000e+01
4.900000000000000000e+01
1.000000000000000000e+02
8.180000000000000000e+02
2.648000000000000000e+03
2.075000000000000000e+03
3.290000000000000000e+02
4.900000000000000000e+01
7.100000000000000000e+01
1.820000000000000000e+02
1.249000000000000000e+03
2.258000000000000000e+03
1.088000000000000000e+03
1.020000000000000000e+02
3.500000000000000000e+01
6.800000000000000000e+01
3.430000000000000000e+02
1.849000000000000000e+03
2.128000000000000000e+03
5.760000000000000000e+02
5.400000000000000000e+01
5.000000000000000000e+01
1.510000000000000000e+02
1.050000000000000000e+03
2.733000000000000000e+03
1.759000000000000000e+03
2.210000000000000000e+02
4.100000000000000000e+01
6.000000000000000000e+01
2.540000000000000000e+02
1.569000000000000000e+03
2.446000000000000000e+03
1.012000000000000000e+03
1.040000000000000000e+02
4.700000000000000000e+01
7.100000000000000000e+01
5.720000000000000000e+02
2.404000000000000000e+03
2.168000000000000000e+03
5.000000000000000000e+02
5.800000000000000000e+01
3.500000000000000000e+01
1.540000000000000000e+02
1.138000000000000000e+03
2.295000000000000000e+03
1.332000000000000000e+03
1.460000000000000000e+02
4.800000000000000000e+01
6.000000000000000000e+01
3.270000000000000000e+02
1.637000000000000000e+03
2.046000000000000000e+03
6.620000000000000000e+02
7.300000000000000000e+01
3.800000000000000000e+01
1.240000000000000000e+02
8.490000000000000000e+02
2.516000000000000000e+03
1.981000000000000000e+03
3.330000000000000000e+02
5.400000000000000000e+01
4.400000000000000000e+01
1.960000000000000000e+02
1.532000000000000000e+03
2.481000000000000000e+03
1.135000000000000000e+03
1.040000000000000000e+02
4.700000000000000000e+01
9.000000000000000000e+01
4.760000000000000000e+02
1.974000000000000000e+03
2.232000000000000000e+03
5.200000000000000000e+02
4.500000000000000000e+01
4.000000000000000000e+01
1.280000000000000000e+02
1.003000000000000000e+03
2.227000000000000000e+03
1.427000000000000000e+03
1.860000000000000000e+02
3.900000000000000000e+01
7.400000000000000000e+01
3.020000000000000000e+02
1.754000000000000000e+03
2.513000000000000000e+03
9.840000000000000000e+02
9.900000000000000000e+01
5.200000000000000000e+01
1.000000000000000000e+02
6.060000000000000000e+02
2.151000000000000000e+03
1.993000000000000000e+03
4.780000000000000000e+02
6.700000000000000000e+01
5.300000000000000000e+01
1.890000000000000000e+02
1.303000000000000000e+03
2.578000000000000000e+03
1.376000000000000000e+03
1.590000000000000000e+02
4.700000000000000000e+01
8.100000000000000000e+01
4.090000000000000000e+02
2.004000000000000000e+03
2.401000000000000000e+03
7.050000000000000000e+02
4.700000000000000000e+01
3.800000000000000000e+01
1.120000000000000000e+02
9.580000000000000000e+02
2.631000000000000000e+03
1.940000000000000000e+03
2.920000000000000000e+02
3.500000000000000000e+01
6.800000000000000000e+01
2.450000000000000000e+02
1.736000000000000000e+03
2.864000000000000000e+03
1.258000000000000000e+03
1.100000000000000000e+02
3.800000000000000000e+01
7.700000000000000000e+01
4.560000000000000000e+02
2.091000000000000000e+03
2.203000000000000000e+03
5.360000000000000000e+02
7.200000000000000000e+01
5.400000000000000000e+01
1.270000000000000000e+02
9.790000000000000000e+02
2.416000000000000000e+03
1.481000000000000000e+03
1.810000000000000000e+02
2.500000000000000000e+01
3.400000000000000000e+01
2.580000000000000000e+02
1.698000000000000000e+03
2.385000000000000000e+03
8.170000000000000000e+02
8.200000000000000000e+01
3.100000000000000000e+01
8.600000000000000000e+01
6.640000000000000000e+02
2.397000000000000000e+03
1.952000000000000000e+03
3.420000000000000000e+02
4.900000000000000000e+01
6.700000000000000000e+01
3.400000000000000000e+02
1.683000000000000000e+03
2.128000000000000000e+03
6.070000000000000000e+02
7.300000000000000000e+01
8.000000000000000000e+00
7.500000000000000000e+01
3.980000000000000000e+02
1.750000000000000000e+03
2.001000000000000000e+03
5.230000000000000000e+02
6.600000000000000000e+01
2.600000000000000000e+01
4.000000000000000000e+01
2.660000000000000000e+02
1.656000000000000000e+03
2.202000000000000000e+03
7.510000000000000000e+02
8.100000000000000000e+01
3.500000000000000000e+01
7.500000000000000000e+01
5.610000000000000000e+02
2.043000000000000000e+03
1.769000000000000000e+03
3.210000000000000000e+02
4.000000000000000000e+01
4.100000000000000000e+01
1.430000000000000000e+02
1.100000000000000000e+03
2.207000000000000000e+03
1.236000000000000000e+03
1.360000000000000000e+02
6.600000000000000000e+01
6.800000000000000000e+01
3.940000000000000000e+02
2.030000000000000000e+03
2.271000000000000000e+03
5.730000000000000000e+02
8.200000000000000000e+01
5.000000000000000000e+01
9.300000000000000000e+01
7.780000000000000000e+02
2.016000000000000000e+03
1.536000000000000000e+03
2.280000000000000000e+02
4.500000000000000000e+01
4.200000000000000000e+01
1.650000000000000000e+02
1.120000000000000000e+03
1.985000000000000000e+03
9.450000000000000000e+02
9.800000000000000000e+01
2.800000000000000000e+01
5.400000000000000000e+01
4.210000000000000000e+02
1.992000000000000000e+03
2.083000000000000000e+03
4.910000000000000000e+02
5.600000000000000000e+01
3.600000000000000000e+01
1.200000000000000000e+02
9.320000000000000000e+02
2.209000000000000000e+03
1.495000000000000000e+03
1.900000000000000000e+02
2.900000000000000000e+01
4.900000000000000000e+01
2.140000000000000000e+02
1.561000000000000000e+03
2.338000000000000000e+03
9.630000000000000000e+02
7.600000000000000000e+01
3.000000000000000000e+01
8.900000000000000000e+01
5.820000000000000000e+02
2.201000000000000000e+03
1.983000000000000000e+03
4.080000000000000000e+02
3.300000000000000000e+01
5.900000000000000000e+01
1.360000000000000000e+02
1.130000000000000000e+03
2.238000000000000000e+03
1.239000000000000000e+03
1.510000000000000000e+02
2.900000000000000000e+01
4.300000000000000000e+01
2.990000000000000000e+02
1.663000000000000000e+03
2.139000000000000000e+03
7.270000000000000000e+02
6.700000000000000000e+01
4.700000000000000000e+01
7.700000000000000000e+01
7.280000000000000000e+02
2.236000000000000000e+03
1.904000000000000000e+03
3.390000000000000000e+02
5.400000000000000000e+01
5.200000000000000000e+01
1.830000000000000000e+02
1.160000000000000000e+03
2.142000000000000000e+03
1.171000000000000000e+03
1.500000000000000000e+02
5.000000000000000000e+01
6.400000000000000000e+01
3.850000000000000000e+02
1.751000000000000000e+03
2.071000000000000000e+03
6.140000000000000000e+02
7.800000000000000000e+01
2.000000000000000000e+01
1.150000000000000000e+02
9.870000000000000000e+02
2.428000000000000000e+03
1.739000000000000000e+03
2.520000000000000000e+02
5.200000000000000000e+01
5.400000000000000000e+01
1.780000000000000000e+02
1.328000000000000000e+03
2.276000000000000000e+03
9.730000000000000000e+02
9.700000000000000000e+01
3.400000000000000000e+01
6.000000000000000000e+01
4.880000000000000000e+02
2.096000000000000000e+03
2.074000000000000000e+03
5.000000000000000000e+02
5.600000000000000000e+01
4.700000000000000000e+01
1.480000000000000000e+02
1.200000000000000000e+03
2.550000000000000000e+03
1.575000000000000000e+03
2.250000000000000000e+02
3.600000000000000000e+01
4.500000000000000000e+01
2.660000000000000000e+02
1.831000000000000000e+03
2.598000000000000000e+03
9.710000000000000000e+02
8.400000000000000000e+01
5.700000000000000000e+01
9.700000000000000000e+01
7.220000000000000000e+02
2.289000000000000000e+03
2.009000000000000000e+03
4.040000000000000000e+02
6.100000000000000000e+01
8.200000000000000000e+01
2.090000000000000000e+02
1.570000000000000000e+03
2.866000000000000000e+03
1.585000000000000000e+03
1.540000000000000000e+02
3.900000000000000000e+01
7.400000000000000000e+01
3.800000000000000000e+02
1.939000000000000000e+03
2.327000000000000000e+03
6.910000000000000000e+02
5.900000000000000000e+01
5.000000000000000000e+01
8.900000000000000000e+01
8.980000000000000000e+02
2.405000000000000000e+03
1.898000000000000000e+03
3.160000000000000000e+02
4.200000000000000000e+01
4.600000000000000000e+01
1.760000000000000000e+02
1.530000000000000000e+03
2.574000000000000000e+03
1.265000000000000000e+03
1.580000000000000000e+02
5.500000000000000000e+01
7.100000000000000000e+01
4.470000000000000000e+02
2.160000000000000000e+03
2.478000000000000000e+03
6.870000000000000000e+02
7.900000000000000000e+01
4.500000000000000000e+01
9.800000000000000000e+01
1.018000000000000000e+03
2.548000000000000000e+03
1.750000000000000000e+03
2.560000000000000000e+02
5.800000000000000000e+01
4.700000000000000000e+01
2.480000000000000000e+02
1.585000000000000000e+03
2.376000000000000000e+03
8.820000000000000000e+02
8.500000000000000000e+01
4.300000000000000000e+01
8.300000000000000000e+01
6.060000000000000000e+02
2.418000000000000000e+03
2.412000000000000000e+03
5.580000000000000000e+02
5.000000000000000000e+01
2.400000000000000000e+01
1.090000000000000000e+02
1.211000000000000000e+03
2.579000000000000000e+03
1.494000000000000000e+03
1.760000000000000000e+02
3.700000000000000000e+01
2.200000000000000000e+01
6.000000000000000000e+00
2.100000000000000000e+01
8.100000000000000000e+01
9.450000000000000000e+02
2.534000000000000000e+03
1.885000000000000000e+03
3.310000000000000000e+02
5.100000000000000000e+01
4.500000000000000000e+01
1.160000000000000000e+02
1.088000000000000000e+03
2.423000000000000000e+03
1.549000000000000000e+03
2.170000000000000000e+02
3.700000000000000000e+01
3.800000000000000000e+01
2.550000000000000000e+02
1.615000000000000000e+03
2.307000000000000000e+03
8.640000000000000000e+02
1.060000000000000000e+02
3.300000000000000000e+01
5.900000000000000000e+01
5.650000000000000000e+02
2.303000000000000000e+03
2.071000000000000000e+03
4.590000000000000000e+02
5.700000000000000000e+01
4.300000000000000000e+01
1.470000000000000000e+02
1.314000000000000000e+03
2.531000000000000000e+03
1.280000000000000000e+03
1.840000000000000000e+02
3.400000000000000000e+01
5.400000000000000000e+01
2.900000000000000000e+02
1.767000000000000000e+03
2.331000000000000000e+03
7.780000000000000000e+02
6.700000000000000000e+01
4.200000000000000000e+01
6.300000000000000000e+01
7.940000000000000000e+02
2.406000000000000000e+03
1.954000000000000000e+03
4.010000000000000000e+02
4.800000000000000000e+01
5.500000000000000000e+01
1.640000000000000000e+02
1.434000000000000000e+03
2.271000000000000000e+03
9.500000000000000000e+02
1.230000000000000000e+02
3.300000000000000000e+01
6.000000000000000000e+01
3.690000000000000000e+02
1.803000000000000000e+03
2.237000000000000000e+03
7.860000000000000000e+02
7.400000000000000000e+01
2.800000000000000000e+01
1.350000000000000000e+02
1.122000000000000000e+03
2.411000000000000000e+03
1.511000000000000000e+03
2.510000000000000000e+02
5.200000000000000000e+01
4.800000000000000000e+01
1.760000000000000000e+02
1.324000000000000000e+03
2.200000000000000000e+03
1.109000000000000000e+03
1.160000000000000000e+02
4.000000000000000000e+01
8.900000000000000000e+01
7.980000000000000000e+02
1.922000000000000000e+03
1.407000000000000000e+03
2.350000000000000000e+02
2.400000000000000000e+01
5.300000000000000000e+01
1.890000000000000000e+02
1.405000000000000000e+03
2.376000000000000000e+03
1.138000000000000000e+03
1.290000000000000000e+02
2.000000000000000000e+01
5.300000000000000000e+01
1.730000000000000000e+02
1.448000000000000000e+03
2.552000000000000000e+03
1.315000000000000000e+03
1.570000000000000000e+02
4.200000000000000000e+01
5.400000000000000000e+01
4.720000000000000000e+02
1.959000000000000000e+03
1.938000000000000000e+03
5.810000000000000000e+02
5.900000000000000000e+01
3.600000000000000000e+01
1.160000000000000000e+02
1.180000000000000000e+03
2.426000000000000000e+03
1.373000000000000000e+03
2.210000000000000000e+02
4.700000000000000000e+01
3.600000000000000000e+01
3.730000000000000000e+02
1.846000000000000000e+03
2.251000000000000000e+03
7.400000000000000000e+02
1.030000000000000000e+02
4.800000000000000000e+01
5.500000000000000000e+01
6.750000000000000000e+02
2.240000000000000000e+03
2.123000000000000000e+03
5.660000000000000000e+02
6.800000000000000000e+01
3.300000000000000000e+01
1.510000000000000000e+02
1.267000000000000000e+03
2.481000000000000000e+03
1.470000000000000000e+03
2.620000000000000000e+02
6.200000000000000000e+01
4.400000000000000000e+01
3.670000000000000000e+02
1.683000000000000000e+03
2.101000000000000000e+03
7.730000000000000000e+02
9.500000000000000000e+01
3.500000000000000000e+01
7.300000000000000000e+01
5.100000000000000000e+02
1.528000000000000000e+03
1.258000000000000000e+03
3.300000000000000000e+02
5.600000000000000000e+01
4.400000000000000000e+01
1.720000000000000000e+02
1.431000000000000000e+03
2.539000000000000000e+03
1.363000000000000000e+03
2.230000000000000000e+02
6.200000000000000000e+01
6.800000000000000000e+01
5.050000000000000000e+02
2.103000000000000000e+03
2.456000000000000000e+03
7.740000000000000000e+02
1.190000000000000000e+02
4.600000000000000000e+01
8.300000000000000000e+01
8.400000000000000000e+02
2.300000000000000000e+03
1.870000000000000000e+03
4.490000000000000000e+02
5.500000000000000000e+01
3.800000000000000000e+01
2.230000000000000000e+02
1.360000000000000000e+03
2.225000000000000000e+03
1.133000000000000000e+03
1.410000000000000000e+02
6.900000000000000000e+01
6.800000000000000000e+01
3.740000000000000000e+02
1.796000000000000000e+03
2.126000000000000000e+03
7.460000000000000000e+02
1.190000000000000000e+02
5.600000000000000000e+01
1.040000000000000000e+02
1.009000000000000000e+03
2.356000000000000000e+03
1.688000000000000000e+03
3.310000000000000000e+02
4.700000000000000000e+01
5.200000000000000000e+01
2.040000000000000000e+02
1.615000000000000000e+03
2.452000000000000000e+03
1.186000000000000000e+03
1.460000000000000000e+02
4.700000000000000000e+01
7.700000000000000000e+01
7.280000000000000000e+02
2.068000000000000000e+03
1.922000000000000000e+03
4.980000000000000000e+02
7.400000000000000000e+01
5.400000000000000000e+01
1.240000000000000000e+02
1.160000000000000000e+03
2.486000000000000000e+03
1.381000000000000000e+03
2.170000000000000000e+02
3.800000000000000000e+01
2.200000000000000000e+01
3.700000000000000000e+01
4.050000000000000000e+02
2.206000000000000000e+03
2.473000000000000000e+03
7.290000000000000000e+02
7.100000000000000000e+01
5.000000000000000000e+01
9.400000000000000000e+01
8.020000000000000000e+02
2.591000000000000000e+03
2.017000000000000000e+03
3.810000000000000000e+02
5.800000000000000000e+01
3.800000000000000000e+01
1.460000000000000000e+02
1.511000000000000000e+03
2.779000000000000000e+03
1.329000000000000000e+03
1.780000000000000000e+02
6.500000000000000000e+01
6.200000000000000000e+01
3.650000000000000000e+02
2.178000000000000000e+03
2.544000000000000000e+03
7.130000000000000000e+02
8.000000000000000000e+01
3.300000000000000000e+01
6.600000000000000000e+01
8.630000000000000000e+02
2.618000000000000000e+03
2.013000000000000000e+03
3.720000000000000000e+02
5.400000000000000000e+01
4.300000000000000000e+01
2.390000000000000000e+02
1.938000000000000000e+03
2.776000000000000000e+03
1.029000000000000000e+03
1.090000000000000000e+02
4.500000000000000000e+01
4.400000000000000000e+01
4.950000000000000000e+02
2.330000000000000000e+03
2.356000000000000000e+03
6.430000000000000000e+02
5.400000000000000000e+01
3.700000000000000000e+01
8.600000000000000000e+01
9.300000000000000000e+02
2.705000000000000000e+03
1.947000000000000000e+03
3.370000000000000000e+02
6.700000000000000000e+01
3.700000000000000000e+01
1.710000000000000000e+02
1.685000000000000000e+03
2.624000000000000000e+03
1.102000000000000000e+03
1.180000000000000000e+02
4.300000000000000000e+01
4.200000000000000000e+01
4.780000000000000000e+02
2.001000000000000000e+03
1.921000000000000000e+03
4.730000000000000000e+02
5.800000000000000000e+01
3.200000000000000000e+01
8.100000000000000000e+01
1.004000000000000000e+03
2.461000000000000000e+03
1.581000000000000000e+03
2.810000000000000000e+02
6.200000000000000000e+01
2.900000000000000000e+01
2.410000000000000000e+02
1.790000000000000000e+03
2.491000000000000000e+03
9.710000000000000000e+02
1.000000000000000000e+02
5.400000000000000000e+01
5.500000000000000000e+01
5.090000000000000000e+02
2.192000000000000000e+03
1.990000000000000000e+03
5.370000000000000000e+02
7.900000000000000000e+01
4.300000000000000000e+01
1.150000000000000000e+02
1.217000000000000000e+03
2.425000000000000000e+03
1.419000000000000000e+03
2.170000000000000000e+02
5.300000000000000000e+01
4.900000000000000000e+01
3.200000000000000000e+02
1.837000000000000000e+03
2.415000000000000000e+03
9.060000000000000000e+02
8.500000000000000000e+01
4.500000000000000000e+01
7.100000000000000000e+01
8.050000000000000000e+02
2.543000000000000000e+03
2.107000000000000000e+03
4.230000000000000000e+02
3.100000000000000000e+01
4.500000000000000000e+01
1.680000000000000000e+02
1.426000000000000000e+03
2.467000000000000000e+03
1.118000000000000000e+03
1.490000000000000000e+02
5.500000000000000000e+01
5.100000000000000000e+01
3.460000000000000000e+02
1.722000000000000000e+03
2.230000000000000000e+03
7.750000000000000000e+02
6.100000000000000000e+01
4.100000000000000000e+01
7.500000000000000000e+01
7.770000000000000000e+02
2.378000000000000000e+03
1.890000000000000000e+03
4.360000000000000000e+02
4.300000000000000000e+01
4.300000000000000000e+01
1.590000000000000000e+02
1.347000000000000000e+03
2.473000000000000000e+03
1.311000000000000000e+03
2.040000000000000000e+02
6.600000000000000000e+01
7.700000000000000000e+01
3.780000000000000000e+02
1.986000000000000000e+03
2.280000000000000000e+03
7.200000000000000000e+02
8.600000000000000000e+01
6.200000000000000000e+01
1.040000000000000000e+02
1.113000000000000000e+03
2.483000000000000000e+03
1.483000000000000000e+03
2.380000000000000000e+02
6.000000000000000000e+01
3.100000000000000000e+01
1.740000000000000000e+02
1.331000000000000000e+03
2.183000000000000000e+03
9.900000000000000000e+02
1.250000000000000000e+02
4.200000000000000000e+01
5.700000000000000000e+01
3.650000000000000000e+02
1.779000000000000000e+03
2.055000000000000000e+03
5.310000000000000000e+02
5.900000000000000000e+01
4.900000000000000000e+01
7.700000000000000000e+01
9.590000000000000000e+02
2.404000000000000000e+03
1.500000000000000000e+03
2.730000000000000000e+02
4.100000000000000000e+01
3.800000000000000000e+01
1.720000000000000000e+02
1.677000000000000000e+03
2.432000000000000000e+03
1.016000000000000000e+03
9.800000000000000000e+01
2.400000000000000000e+01
3.100000000000000000e+01
5.310000000000000000e+02
2.277000000000000000e+03
2.188000000000000000e+03
5.440000000000000000e+02
6.200000000000000000e+01
3.600000000000000000e+01
6.800000000000000000e+01
9.580000000000000000e+02
2.484000000000000000e+03
1.851000000000000000e+03
2.910000000000000000e+02
2.700000000000000000e+01
6.000000000000000000e+01
2.000000000000000000e+02
1.596000000000000000e+03
2.464000000000000000e+03
1.005000000000000000e+03
1.130000000000000000e+02
3.600000000000000000e+01
5.200000000000000000e+01
4.850000000000000000e+02
2.171000000000000000e+03
2.127000000000000000e+03
5.450000000000000000e+02
5.100000000000000000e+01
3.700000000000000000e+01
2.700000000000000000e+01
7.500000000000000000e+01
5.010000000000000000e+02
1.924000000000000000e+03
1.963000000000000000e+03
6.070000000000000000e+02
7.200000000000000000e+01
4.200000000000000000e+01
1.770000000000000000e+02
1.415000000000000000e+03
2.431000000000000000e+03
1.034000000000000000e+03
1.160000000000000000e+02
4.200000000000000000e+01
7.200000000000000000e+01
5.330000000000000000e+02
2.242000000000000000e+03
2.281000000000000000e+03
6.520000000000000000e+02
7.300000000000000000e+01
3.200000000000000000e+01
9.800000000000000000e+01
1.077000000000000000e+03
2.562000000000000000e+03
1.724000000000000000e+03
3.480000000000000000e+02
6.300000000000000000e+01
6.300000000000000000e+01
2.070000000000000000e+02
1.566000000000000000e+03
2.332000000000000000e+03
9.730000000000000000e+02
1.290000000000000000e+02
4.400000000000000000e+01
4.900000000000000000e+01
5.080000000000000000e+02
2.253000000000000000e+03
2.320000000000000000e+03
6.730000000000000000e+02
9.300000000000000000e+01
5.900000000000000000e+01
8.600000000000000000e+01
9.990000000000000000e+02
2.261000000000000000e+03
1.494000000000000000e+03
2.990000000000000000e+02
4.600000000000000000e+01
3.800000000000000000e+01
2.450000000000000000e+02
1.688000000000000000e+03
2.395000000000000000e+03
9.940000000000000000e+02
1.590000000000000000e+02
5.200000000000000000e+01
7.600000000000000000e+01
6.270000000000000000e+02
2.168000000000000000e+03
1.987000000000000000e+03
4.610000000000000000e+02
7.100000000000000000e+01
5.000000000000000000e+01
1.240000000000000000e+02
1.226000000000000000e+03
2.281000000000000000e+03
1.339000000000000000e+03
2.100000000000000000e+02
5.500000000000000000e+01
6.600000000000000000e+01
2.900000000000000000e+02
1.735000000000000000e+03
2.212000000000000000e+03
7.970000000000000000e+02
1.370000000000000000e+02
4.400000000000000000e+01
7.100000000000000000e+01
6.910000000000000000e+02
2.284000000000000000e+03
1.905000000000000000e+03
4.700000000000000000e+02
6.600000000000000000e+01
5.800000000000000000e+01
1.010000000000000000e+02
1.201000000000000000e+03
2.225000000000000000e+03
1.197000000000000000e+03
2.080000000000000000e+02
7.200000000000000000e+01
4.400000000000000000e+01
2.810000000000000000e+02
1.522000000000000000e+03
1.916000000000000000e+03
7.420000000000000000e+02
9.700000000000000000e+01
4.000000000000000000e+01
4.200000000000000000e+01
6.200000000000000000e+02
1.859000000000000000e+03
1.521000000000000000e+03
3.580000000000000000e+02
7.900000000000000000e+01
5.700000000000000000e+01
1.480000000000000000e+02
1.312000000000000000e+03
2.241000000000000000e+03
1.124000000000000000e+03
1.570000000000000000e+02
4.900000000000000000e+01
3.500000000000000000e+01
3.980000000000000000e+02
1.856000000000000000e+03
2.177000000000000000e+03
7.530000000000000000e+02
7.800000000000000000e+01
6.500000000000000000e+01
7.400000000000000000e+01
7.120000000000000000e+02
2.101000000000000000e+03
1.678000000000000000e+03
3.710000000000000000e+02
9.500000000000000000e+01
4.000000000000000000e+01
1.650000000000000000e+02
1.379000000000000000e+03
2.287000000000000000e+03
1.025000000000000000e+03
1.800000000000000000e+02
3.900000000000000000e+01
5.900000000000000000e+01
4.420000000000000000e+02
1.901000000000000000e+03
2.023000000000000000e+03
6.300000000000000000e+02
1.040000000000000000e+02
4.100000000000000000e+01
7.800000000000000000e+01
7.750000000000000000e+02
2.169000000000000000e+03
1.668000000000000000e+03
3.570000000000000000e+02
4.600000000000000000e+01
3.900000000000000000e+01
1.850000000000000000e+02
1.412000000000000000e+03
2.302000000000000000e+03
1.136000000000000000e+03
1.460000000000000000e+02
3.800000000000000000e+01
6.600000000000000000e+01
4.290000000000000000e+02
1.862000000000000000e+03
1.997000000000000000e+03
6.220000000000000000e+02
8.900000000000000000e+01
9.000000000000000000e+01
8.900000000000000000e+01
7.340000000000000000e+02
1.677000000000000000e+03
1.225000000000000000e+03
2.540000000000000000e+02
6.700000000000000000e+01
2.800000000000000000e+01
1.770000000000000000e+02
1.421000000000000000e+03
2.275000000000000000e+03
9.930000000000000000e+02
1.640000000000000000e+02
6.700000000000000000e+01
5.700000000000000000e+01
4.830000000000000000e+02
2.000000000000000000e+03
1.918000000000000000e+03
5.660000000000000000e+02
7.300000000000000000e+01
6.300000000000000000e+01
8.500000000000000000e+01
1.070000000000000000e+03
2.380000000000000000e+03
1.577000000000000000e+03
3.000000000000000000e+02
5.000000000000000000e+01
5.700000000000000000e+01
2.220000000000000000e+02
1.505000000000000000e+03
2.035000000000000000e+03
8.140000000000000000e+02
1.150000000000000000e+02
6.300000000000000000e+01
4.300000000000000000e+01
7.040000000000000000e+02
2.316000000000000000e+03
2.018000000000000000e+03
4.940000000000000000e+02
5.500000000000000000e+01
5.700000000000000000e+01
1.020000000000000000e+02
1.176000000000000000e+03
2.245000000000000000e+03
1.296000000000000000e+03
1.700000000000000000e+02
4.100000000000000000e+01
2.900000000000000000e+01
1.800000000000000000e+01
5.300000000000000000e+01
4.600000000000000000e+01
7.920000000000000000e+02
2.542000000000000000e+03
2.155000000000000000e+03
4.690000000000000000e+02
7.200000000000000000e+01
4.900000000000000000e+01
3.070000000000000000e+02
1.985000000000000000e+03
2.722000000000000000e+03
9.650000000000000000e+02
1.240000000000000000e+02
5.300000000000000000e+01
8.000000000000000000e+01
7.230000000000000000e+02
2.455000000000000000e+03
2.060000000000000000e+03
4.520000000000000000e+02
5.800000000000000000e+01
4.300000000000000000e+01
7.100000000000000000e+01
8.910000000000000000e+02
2.345000000000000000e+03
1.712000000000000000e+03
3.690000000000000000e+02
6.600000000000000000e+01
5.000000000000000000e+01
1.870000000000000000e+02
1.668000000000000000e+03
2.669000000000000000e+03
1.239000000000000000e+03
1.900000000000000000e+02
4.500000000000000000e+01
5.500000000000000000e+01
4.910000000000000000e+02
2.493000000000000000e+03
2.624000000000000000e+03
7.440000000000000000e+02
9.600000000000000000e+01
4.700000000000000000e+01
1.080000000000000000e+02
1.303000000000000000e+03
2.975000000000000000e+03
1.782000000000000000e+03
3.170000000000000000e+02
8.300000000000000000e+01
5.000000000000000000e+01
2.110000000000000000e+02
1.812000000000000000e+03
2.823000000000000000e+03
1.217000000000000000e+03
1.560000000000000000e+02
4.500000000000000000e+01
5.800000000000000000e+01
5.210000000000000000e+02
2.407000000000000000e+03
2.327000000000000000e+03
6.850000000000000000e+02
8.500000000000000000e+01
4.400000000000000000e+01
9.600000000000000000e+01
1.181000000000000000e+03
2.639000000000000000e+03
1.647000000000000000e+03
3.440000000000000000e+02
6.500000000000000000e+01
6.200000000000000000e+01
3.190000000000000000e+02
1.952000000000000000e+03
2.550000000000000000e+03
9.810000000000000000e+02
1.210000000000000000e+02
3.500000000000000000e+01
5.100000000000000000e+01
6.410000000000000000e+02
2.590000000000000000e+03
2.365000000000000000e+03
6.680000000000000000e+02
1.020000000000000000e+02
5.000000000000000000e+01
1.140000000000000000e+02
1.190000000000000000e+03
2.416000000000000000e+03
1.421000000000000000e+03
2.710000000000000000e+02
7.200000000000000000e+01
4.400000000000000000e+01
3.410000000000000000e+02
2.262000000000000000e+03
2.771000000000000000e+03
9.300000000000000000e+02
1.110000000000000000e+02
5.500000000000000000e+01
6.200000000000000000e+01
8.710000000000000000e+02
2.638000000000000000e+03
2.015000000000000000e+03
4.500000000000000000e+02
6.900000000000000000e+01
2.500000000000000000e+01
1.740000000000000000e+02
1.556000000000000000e+03
2.660000000000000000e+03
1.271000000000000000e+03
2.170000000000000000e+02
5.100000000000000000e+01
4.500000000000000000e+01
4.210000000000000000e+02
2.164000000000000000e+03
2.359000000000000000e+03
7.220000000000000000e+02
1.030000000000000000e+02
4.900000000000000000e+01
4.100000000000000000e+01
6.710000000000000000e+02
2.336000000000000000e+03
1.969000000000000000e+03
4.850000000000000000e+02
8.600000000000000000e+01
4.800000000000000000e+01
1.190000000000000000e+02
1.466000000000000000e+03
2.564000000000000000e+03
1.247000000000000000e+03
2.050000000000000000e+02
4.300000000000000000e+01
4.800000000000000000e+01
4.920000000000000000e+02
2.246000000000000000e+03
2.264000000000000000e+03
6.670000000000000000e+02
1.050000000000000000e+02
3.700000000000000000e+01
7.000000000000000000e+01
1.024000000000000000e+03
2.449000000000000000e+03
1.689000000000000000e+03
3.250000000000000000e+02
7.300000000000000000e+01
3.200000000000000000e+01
1.760000000000000000e+02
1.677000000000000000e+03
2.732000000000000000e+03
1.319000000000000000e+03
2.050000000000000000e+02
7.000000000000000000e+01
6.400000000000000000e+01
6.090000000000000000e+02
2.239000000000000000e+03
2.060000000000000000e+03
5.500000000000000000e+02
8.700000000000000000e+01
5.300000000000000000e+01
9.900000000000000000e+01
9.350000000000000000e+02
2.446000000000000000e+03
1.753000000000000000e+03
3.800000000000000000e+02
8.800000000000000000e+01
5.300000000000000000e+01
2.290000000000000000e+02
1.655000000000000000e+03
2.436000000000000000e+03
1.055000000000000000e+03
1.360000000000000000e+02
7.300000000000000000e+01
4.900000000000000000e+01
6.480000000000000000e+02
2.245000000000000000e+03
1.929000000000000000e+03
4.550000000000000000e+02
8.000000000000000000e+01
4.100000000000000000e+01
1.030000000000000000e+02
1.216000000000000000e+03
2.353000000000000000e+03
1.309000000000000000e+03
2.440000000000000000e+02
4.200000000000000000e+01
3.100000000000000000e+01
3.690000000000000000e+02
1.955000000000000000e+03
2.405000000000000000e+03
7.000000000000000000e+02
1.050000000000000000e+02
4.300000000000000000e+01
7.700000000000000000e+01
7.580000000000000000e+02
2.235000000000000000e+03
1.868000000000000000e+03
3.980000000000000000e+02
7.600000000000000000e+01
3.000000000000000000e+01
7.200000000000000000e+01
5.190000000000000000e+02
1.925000000000000000e+03
1.048000000000000000e+03
1.650000000000000000e+02
5.800000000000000000e+01
6.300000000000000000e+01
4.100000000000000000e+01
2.460000000000000000e+02
1.011000000000000000e+03
1.139000000000000000e+03
3.860000000000000000e+02
9.100000000000000000e+01
4.700000000000000000e+01
9.100000000000000000e+01
1.046000000000000000e+03
2.326000000000000000e+03
1.466000000000000000e+03
2.670000000000000000e+02
5.300000000000000000e+01
4.400000000000000000e+01
1.330000000000000000e+02
1.524000000000000000e+03
2.501000000000000000e+03
1.120000000000000000e+03
1.500000000000000000e+02
3.400000000000000000e+01
4.900000000000000000e+01
3.630000000000000000e+02
1.922000000000000000e+03
2.112000000000000000e+03
6.050000000000000000e+02
9.900000000000000000e+01
4.900000000000000000e+01
1.040000000000000000e+02
1.127000000000000000e+03
2.353000000000000000e+03
1.342000000000000000e+03
2.110000000000000000e+02
4.300000000000000000e+01
2.200000000000000000e+01
1.690000000000000000e+02
1.545000000000000000e+03
2.433000000000000000e+03
1.053000000000000000e+03
1.440000000000000000e+02
3.500000000000000000e+01
4.800000000000000000e+01
4.830000000000000000e+02
1.967000000000000000e+03
1.874000000000000000e+03
5.280000000000000000e+02
8.400000000000000000e+01
4.700000000000000000e+01
7.400000000000000000e+01
9.920000000000000000e+02
2.343000000000000000e+03
1.361000000000000000e+03
2.450000000000000000e+02
4.300000000000000000e+01
5.800000000000000000e+01
3.740000000000000000e+02
1.853000000000000000e+03
2.007000000000000000e+03
6.670000000000000000e+02
9.200000000000000000e+01
4.100000000000000000e+01
1.110000000000000000e+02
1.059000000000000000e+03
2.492000000000000000e+03
1.460000000000000000e+03
2.530000000000000000e+02
6.600000000000000000e+01
2.500000000000000000e+01
1.410000000000000000e+02
1.334000000000000000e+03
2.215000000000000000e+03
9.790000000000000000e+02
1.520000000000000000e+02
4.800000000000000000e+01
3.200000000000000000e+01
3.430000000000000000e+02
1.858000000000000000e+03
2.148000000000000000e+03
7.520000000000000000e+02
1.090000000000000000e+02
5.100000000000000000e+01
8.700000000000000000e+01
8.570000000000000000e+02
2.306000000000000000e+03
1.770000000000000000e+03
3.420000000000000000e+02
7.300000000000000000e+01
4.500000000000000000e+01
1.050000000000000000e+02
1.284000000000000000e+03
2.442000000000000000e+03
1.190000000000000000e+03
1.730000000000000000e+02
3.200000000000000000e+01
5.000000000000000000e+01
4.900000000000000000e+02
2.147000000000000000e+03
1.998000000000000000e+03
4.760000000000000000e+02
8.000000000000000000e+01
3.100000000000000000e+01
3.900000000000000000e+01
5.760000000000000000e+02
2.080000000000000000e+03
1.837000000000000000e+03
3.790000000000000000e+02
6.500000000000000000e+01
3.700000000000000000e+01
1.960000000000000000e+02
1.630000000000000000e+03
2.174000000000000000e+03
8.570000000000000000e+02
1.260000000000000000e+02
4.700000000000000000e+01
6.500000000000000000e+01
1.069000000000000000e+03
2.375000000000000000e+03
1.315000000000000000e+03
2.410000000000000000e+02
6.600000000000000000e+01
3.000000000000000000e+01
1.040000000000000000e+02
1.204000000000000000e+03
2.410000000000000000e+03
1.382000000000000000e+03
2.470000000000000000e+02
6.900000000000000000e+01
5.500000000000000000e+01
3.090000000000000000e+02
2.154000000000000000e+03
2.549000000000000000e+03
8.470000000000000000e+02
9.900000000000000000e+01
4.900000000000000000e+01
8.100000000000000000e+01
1.256000000000000000e+03
2.558000000000000000e+03
1.408000000000000000e+03
1.930000000000000000e+02
4.300000000000000000e+01
4.100000000000000000e+01
1.440000000000000000e+02
1.364000000000000000e+03
2.363000000000000000e+03
1.215000000000000000e+03
1.980000000000000000e+02
5.400000000000000000e+01
3.700000000000000000e+01
3.740000000000000000e+02
2.048000000000000000e+03
2.240000000000000000e+03
6.570000000000000000e+02
9.100000000000000000e+01
2.800000000000000000e+01
6.500000000000000000e+01
1.039000000000000000e+03
2.816000000000000000e+03
1.981000000000000000e+03
3.910000000000000000e+02
5.900000000000000000e+01
4.300000000000000000e+01
1.860000000000000000e+02
1.538000000000000000e+03
2.417000000000000000e+03
1.099000000000000000e+03
1.580000000000000000e+02
4.100000000000000000e+01
4.400000000000000000e+01
5.300000000000000000e+02
2.137000000000000000e+03
2.069000000000000000e+03
5.640000000000000000e+02
1.330000000000000000e+02
4.000000000000000000e+01
1.120000000000000000e+02
1.178000000000000000e+03
2.647000000000000000e+03
1.613000000000000000e+03
2.720000000000000000e+02
5.800000000000000000e+01
3.600000000000000000e+01
1.850000000000000000e+02
1.485000000000000000e+03
2.338000000000000000e+03
1.002000000000000000e+03
1.590000000000000000e+02
5.700000000000000000e+01
6.800000000000000000e+01
7.030000000000000000e+02
2.337000000000000000e+03
2.040000000000000000e+03
4.620000000000000000e+02
6.200000000000000000e+01
4.800000000000000000e+01
9.900000000000000000e+01
1.074000000000000000e+03
2.418000000000000000e+03
1.567000000000000000e+03
3.230000000000000000e+02
5.100000000000000000e+01
2.300000000000000000e+01
3.800000000000000000e+01
2.000000000000000000e+01
2.030000000000000000e+02
1.501000000000000000e+03
2.013000000000000000e+03
7.700000000000000000e+02
1.100000000000000000e+02
3.300000000000000000e+01
4.600000000000000000e+01
4.300000000000000000e+02
1.813000000000000000e+03
1.903000000000000000e+03
5.420000000000000000e+02
8.200000000000000000e+01
4.300000000000000000e+01
8.200000000000000000e+01
9.230000000000000000e+02
2.297000000000000000e+03
1.546000000000000000e+03
3.160000000000000000e+02
5.500000000000000000e+01
3.100000000000000000e+01
2.200000000000000000e+02
1.409000000000000000e+03
2.068000000000000000e+03
8.570000000000000000e+02
1.490000000000000000e+02
4.500000000000000000e+01
8.000000000000000000e+01
7.440000000000000000e+02
2.196000000000000000e+03
1.876000000000000000e+03
4.920000000000000000e+02
1.080000000000000000e+02
4.400000000000000000e+01
7.300000000000000000e+01
8.120000000000000000e+02
2.197000000000000000e+03
1.799000000000000000e+03
4.050000000000000000e+02
1.090000000000000000e+02
5.100000000000000000e+01
3.560000000000000000e+02
1.602000000000000000e+03
1.721000000000000000e+03
5.890000000000000000e+02
9.900000000000000000e+01
4.300000000000000000e+01
4.300000000000000000e+01
3.470000000000000000e+02
1.377000000000000000e+03
1.536000000000000000e+03
4.890000000000000000e+02
9.600000000000000000e+01
6.100000000000000000e+01
2.260000000000000000e+02
1.350000000000000000e+03
1.858000000000000000e+03
8.910000000000000000e+02
1.660000000000000000e+02
3.900000000000000000e+01
4.400000000000000000e+01
2.250000000000000000e+02
1.188000000000000000e+03
1.447000000000000000e+03
5.680000000000000000e+02
1.090000000000000000e+02
6.300000000000000000e+01
1.110000000000000000e+02
1.038000000000000000e+03
2.132000000000000000e+03
1.225000000000000000e+03
2.590000000000000000e+02
5.900000000000000000e+01
3.900000000000000000e+01
2.690000000000000000e+02
1.539000000000000000e+03
1.952000000000000000e+03
7.730000000000000000e+02
1.440000000000000000e+02
4.200000000000000000e+01
3.800000000000000000e+01
3.200000000000000000e+02
1.662000000000000000e+03
1.914000000000000000e+03
6.360000000000000000e+02
1.240000000000000000e+02
4.300000000000000000e+01
1.150000000000000000e+02
1.253000000000000000e+03
2.160000000000000000e+03
1.047000000000000000e+03
2.030000000000000000e+02
6.000000000000000000e+01
3.900000000000000000e+01
2.440000000000000000e+02
1.512000000000000000e+03
2.227000000000000000e+03
1.000000000000000000e+03
1.720000000000000000e+02
5.400000000000000000e+01
6.600000000000000000e+01
5.730000000000000000e+02
2.028000000000000000e+03
1.758000000000000000e+03
4.810000000000000000e+02
9.000000000000000000e+01
4.600000000000000000e+01
1.850000000000000000e+02
1.476000000000000000e+03
2.202000000000000000e+03
1.040000000000000000e+03
1.750000000000000000e+02
4.800000000000000000e+01
6.400000000000000000e+01
3.160000000000000000e+02
1.461000000000000000e+03
1.790000000000000000e+03
6.320000000000000000e+02
1.330000000000000000e+02
6.000000000000000000e+01
2.230000000000000000e+02
1.512000000000000000e+03
2.334000000000000000e+03
9.310000000000000000e+02
1.370000000000000000e+02
5.000000000000000000e+00
4.100000000000000000e+01
5.280000000000000000e+02
2.215000000000000000e+03
2.248000000000000000e+03
5.500000000000000000e+02
6.000000000000000000e+01
3.600000000000000000e+01
7.600000000000000000e+01
8.950000000000000000e+02
2.545000000000000000e+03
1.819000000000000000e+03
4.210000000000000000e+02
8.600000000000000000e+01
5.600000000000000000e+01
1.120000000000000000e+02
9.730000000000000000e+02
2.054000000000000000e+03
1.248000000000000000e+03
2.160000000000000000e+02
6.100000000000000000e+01
4.600000000000000000e+01
4.690000000000000000e+02
1.890000000000000000e+03
1.852000000000000000e+03
4.460000000000000000e+02
6.200000000000000000e+01
3.000000000000000000e+01
7.600000000000000000e+01
9.750000000000000000e+02
2.134000000000000000e+03
1.281000000000000000e+03
2.030000000000000000e+02
2.900000000000000000e+01
3.900000000000000000e+01
2.250000000000000000e+02
1.615000000000000000e+03
2.255000000000000000e+03
8.950000000000000000e+02
1.280000000000000000e+02
2.100000000000000000e+01
7.000000000000000000e+01
6.650000000000000000e+02
1.963000000000000000e+03
1.692000000000000000e+03
4.190000000000000000e+02
6.300000000000000000e+01
3.000000000000000000e+01
1.060000000000000000e+02
1.290000000000000000e+03
2.415000000000000000e+03
1.281000000000000000e+03
2.330000000000000000e+02
5.200000000000000000e+01
4.200000000000000000e+01
3.870000000000000000e+02
1.843000000000000000e+03
2.085000000000000000e+03
6.540000000000000000e+02
1.010000000000000000e+02
3.400000000000000000e+01
7.400000000000000000e+01
7.260000000000000000e+02
2.091000000000000000e+03
1.521000000000000000e+03
3.310000000000000000e+02
7.200000000000000000e+01
4.100000000000000000e+01
9.300000000000000000e+01
9.680000000000000000e+02
2.104000000000000000e+03
1.288000000000000000e+03
2.350000000000000000e+02
3.300000000000000000e+01
2.100000000000000000e+01
2.200000000000000000e+01
9.000000000000000000e+01
1.102000000000000000e+03
2.440000000000000000e+03
1.430000000000000000e+03
2.630000000000000000e+02
5.300000000000000000e+01
3.100000000000000000e+01
1.950000000000000000e+02
1.444000000000000000e+03
2.234000000000000000e+03
8.930000000000000000e+02
1.670000000000000000e+02
3.700000000000000000e+01
5.900000000000000000e+01
5.780000000000000000e+02
2.123000000000000000e+03
1.970000000000000000e+03
4.950000000000000000e+02
7.700000000000000000e+01
4.400000000000000000e+01
1.100000000000000000e+02
1.121000000000000000e+03
2.272000000000000000e+03
1.314000000000000000e+03
1.980000000000000000e+02
3.500000000000000000e+01
1.600000000000000000e+01
3.200000000000000000e+02
1.707000000000000000e+03
2.074000000000000000e+03
7.010000000000000000e+02
1.110000000000000000e+02
3.800000000000000000e+01
7.900000000000000000e+01
7.690000000000000000e+02
2.176000000000000000e+03
1.543000000000000000e+03
3.070000000000000000e+02
4.300000000000000000e+01
1.200000000000000000e+01
1.050000000000000000e+02
6.540000000000000000e+02
1.061000000000000000e+03
4.480000000000000000e+02
7.500000000000000000e+01
3.000000000000000000e+01
2.900000000000000000e+01
1.940000000000000000e+02
5.430000000000000000e+02
5.310000000000000000e+02
2.090000000000000000e+02
5.600000000000000000e+01
2.000000000000000000e+01
8.800000000000000000e+01
1.054000000000000000e+03
2.192000000000000000e+03
1.278000000000000000e+03
2.180000000000000000e+02
5.700000000000000000e+01
4.100000000000000000e+01
3.300000000000000000e+02
1.717000000000000000e+03
1.961000000000000000e+03
6.890000000000000000e+02
9.900000000000000000e+01
4.800000000000000000e+01
7.800000000000000000e+01
7.990000000000000000e+02
2.125000000000000000e+03
1.466000000000000000e+03
2.910000000000000000e+02
6.600000000000000000e+01
4.900000000000000000e+01
1.530000000000000000e+02
1.393000000000000000e+03
2.152000000000000000e+03
1.013000000000000000e+03
1.900000000000000000e+02
4.400000000000000000e+01
4.200000000000000000e+01
6.260000000000000000e+02
2.282000000000000000e+03
2.193000000000000000e+03
5.420000000000000000e+02
1.170000000000000000e+02
1.200000000000000000e+01
1.370000000000000000e+02
1.224000000000000000e+03
2.185000000000000000e+03
1.051000000000000000e+03
1.720000000000000000e+02
4.700000000000000000e+01
5.000000000000000000e+01
5.960000000000000000e+02
2.084000000000000000e+03
1.676000000000000000e+03
4.190000000000000000e+02
7.600000000000000000e+01
3.000000000000000000e+01
1.010000000000000000e+02
9.190000000000000000e+02
2.401000000000000000e+03
1.779000000000000000e+03
3.860000000000000000e+02
5.000000000000000000e+01
4.600000000000000000e+01
3.070000000000000000e+02
1.852000000000000000e+03
2.238000000000000000e+03
7.320000000000000000e+02
8.900000000000000000e+01
6.100000000000000000e+01
6.300000000000000000e+01
6.420000000000000000e+02
2.147000000000000000e+03
1.921000000000000000e+03
4.640000000000000000e+02
7.800000000000000000e+01
3.200000000000000000e+01
1.330000000000000000e+02
1.272000000000000000e+03
2.516000000000000000e+03
1.359000000000000000e+03
2.200000000000000000e+02
3.900000000000000000e+01
2.600000000000000000e+01
3.290000000000000000e+02
1.733000000000000000e+03
1.890000000000000000e+03
6.000000000000000000e+02
8.300000000000000000e+01
5.000000000000000000e+01
8.500000000000000000e+01
9.670000000000000000e+02
2.205000000000000000e+03
1.516000000000000000e+03
2.650000000000000000e+02
2.200000000000000000e+01
3.500000000000000000e+01
2.440000000000000000e+02
1.477000000000000000e+03
2.168000000000000000e+03
8.620000000000000000e+02
1.280000000000000000e+02
3.200000000000000000e+01
4.100000000000000000e+01
5.740000000000000000e+02
2.071000000000000000e+03
1.907000000000000000e+03
4.940000000000000000e+02
6.600000000000000000e+01
2.900000000000000000e+01
1.440000000000000000e+02
1.253000000000000000e+03
2.217000000000000000e+03
1.174000000000000000e+03
1.460000000000000000e+02
3.400000000000000000e+01
5.300000000000000000e+01
6.270000000000000000e+02
2.095000000000000000e+03
1.768000000000000000e+03
4.340000000000000000e+02
7.900000000000000000e+01
3.400000000000000000e+01
1.010000000000000000e+02
9.200000000000000000e+02
1.987000000000000000e+03
1.297000000000000000e+03
1.990000000000000000e+02
4.900000000000000000e+01
4.100000000000000000e+01
2.570000000000000000e+02
1.475000000000000000e+03
1.951000000000000000e+03
7.630000000000000000e+02
9.000000000000000000e+01
2.400000000000000000e+01
6.100000000000000000e+01
5.620000000000000000e+02
1.879000000000000000e+03
1.635000000000000000e+03
3.730000000000000000e+02
6.300000000000000000e+01
3.700000000000000000e+01
1.400000000000000000e+02
1.303000000000000000e+03
2.350000000000000000e+03
1.258000000000000000e+03
1.620000000000000000e+02
3.300000000000000000e+01
1.400000000000000000e+01
2.680000000000000000e+02
1.695000000000000000e+03
2.102000000000000000e+03
6.850000000000000000e+02
9.200000000000000000e+01
3.300000000000000000e+01
6.000000000000000000e+00
2.100000000000000000e+01
2.000000000000000000e+00
8.000000000000000000e+00
-4.000000000000000000e+00
3.200000000000000000e+01
-3.000000000000000000e+00
1.300000000000000000e+01
-2.000000000000000000e+00
3.400000000000000000e+01
2.100000000000000000e+01
1.100000000000000000e+01
2.100000000000000000e+01
2.100000000000000000e+01
1.000000000000000000e+00
2.000000000000000000e+01
-1.200000000000000000e+01
2.000000000000000000e+01
7.000000000000000000e+00
5.000000000000000000e+00
-9.000000000000000000e+00
7.000000000000000000e+00
-2.400000000000000000e+01
-2.000000000000000000e+00
