# Time    Exp ID    Rot ('')  RA ('')  Dec ('')  See ('')  Scale-1 (e5)  Lurch?
#-------------------------------------------------------------------------------
11:58:48  3         -10.29    +0.23     -4.08     +2.1      +0.0           
11:58:56  4         +0.00     +0.32     -7.38     +0.0      +0.0           
11:59:04  5         -16.80    +0.40     +0.56     +4.0      +0.0           
11:59:11  6         -12.83    -0.79     +1.15     +2.9      +0.0           
11:59:20  7         -0.36     -0.09     -0.23     +2.6      +0.0           
11:59:28  8         -4.78     +0.12     +0.43     +2.7      +0.0           
11:59:36  9         -2.08     -0.16     -0.13     +2.5      +0.0           
11:59:44  10        -7.70     -0.14     -0.01     +2.5      +0.0           
12:00:00  12        +1.68     -0.08     -0.12     +2.7      +10.0          
12:00:08  13        +32.76    -3.10     +3.79     +2.7      +10.0          
12:00:24  15        -8.91     +2.36     -3.33     +2.9      +0.0           
12:00:32  16        -3.45     +1.09     -1.68     +2.4      +0.0           
12:00:40  17        +25.57    +1.21     -1.54     +2.4      +0.0           
12:00:48  18        -17.25    -1.37     +1.14     +0.0      +0.0           
12:00:56  19        -14.73    -0.36     +0.69     +2.6      +0.0           
12:01:05  20        -2.09     -0.24     +0.79     +2.5      +0.0           
12:01:13  21        +1.77     -0.17     -0.04     +2.7      +0.0           
12:01:21  22        -2.80     +0.26     -0.02     +2.6      +0.0           
12:01:29  23        +0.83     -0.22     -0.62     +3.4      +0.0           
12:01:37  24        -6.56     -0.07     +0.50     +2.6      +0.0           
12:01:53  26        +1.79     -0.29     +0.60     +2.3      +10.0          
12:02:01  27        -6.23     +0.45     +0.03     +2.4      +10.0          
12:02:17  29        +12.33    +1.23     -1.14     +3.1      +20.0          
12:02:26  30        -5.32     +0.19     -0.52     +2.4      +20.0          
12:02:34  31        +1.47     +0.55     -0.58     +2.5      +20.0          
12:02:42  32        +57.44    -2.32     +1.20     +2.4      +20.0          
12:02:50  33        -17.95    +2.99     -2.65     +2.9      +20.0          
12:02:58  34        -25.16    +0.89     -0.92     +2.6      +20.0          
12:03:06  35        -14.25    +0.35     -0.23     +2.3      +20.0          
12:03:14  36        -7.37     -0.04     +0.42     +2.3      +20.0          
12:03:30  38        +0.64     +0.36     -0.15     +2.4      +27.0          
12:03:38  39        -45.80    +0.53     +0.41     +2.6      +27.0          
12:03:46  40        +28.30    +0.13     -1.62     +2.5      +27.0          
12:03:54  41        +11.23    +0.04     -0.69     +2.4      +27.0          
12:04:03  42        -0.81     -0.08     -0.23     +3.0      +27.0          
12:04:11  43        +6.81     +0.13     +0.20     +2.9      +27.0          
12:04:19  44        -2.17     +0.04     +0.09     +2.7      +27.0          
12:04:27  45        +1.64     +0.15     -0.43     +3.0      +27.0          
12:04:40  46        +7.05     +0.22     -0.26     +2.5      +27.2          
12:04:55  47        -1.94     -0.14     +0.15     +2.7      +27.4          
12:05:09  48        -0.29     +0.43     -0.01     +2.4      +27.6          
12:05:23  49        -4.78     +0.10     +0.44     +2.5      +27.7          
12:05:38  50        -0.43     +0.16     +0.34     +2.1      +27.9          
12:05:52  51        +1.55     -0.17     +0.15     +2.6      +28.1          
12:06:06  52        -2.58     +0.02     -0.55     +2.3      +28.3          
12:06:21  53        +1.42     +0.26     -0.06     +2.3      +28.5          
12:06:35  54        +0.87     -0.08     -0.16     +2.1      +28.7          
12:06:49  55        -2.63     +0.03     +0.01     +2.4      +28.9          
12:07:03  56        +3.64     +0.37     +0.12     +2.4      +29.1          
12:07:18  57        +1.39     -0.05     -0.20     +2.8      +29.3          
12:07:33  58        +1.27     -0.05     -0.11     +2.3      +29.5          
12:07:48  59        +4.74     +0.09     +0.11     +2.4      +29.7          
12:08:02  60        -3.03     -0.13     -0.08     +2.6      +29.8          
12:08:16  61        +5.26     +0.21     -0.16     +2.8      +29.8          
12:08:30  62        -1.86     -0.34     +0.56     +2.7      +29.6          
12:08:48  63        -3.80     -0.02     -0.31     +2.7      +29.4          
12:09:00  64        +2.10     -0.06     -0.21     +2.7      +29.4          
12:09:15  65        -3.05     -0.19     +0.12     +2.7      +29.2          
12:09:29  66        +3.57     +0.21     +0.16     +3.1      +29.2          
12:09:48  67        -7.74     +0.79     -0.20     +3.9      +29.0          
12:10:02  68        -4.60     -0.32     +0.14     +3.6      +28.8          
12:10:16  69        +4.73     -0.20     -0.44     +3.2      +28.9          
12:10:31  70        +0.84     +0.09     +0.06     +2.7      +28.7          
12:10:48  71        +3.93     -0.47     -0.45     +3.1      +28.5          
12:11:11  73        -1.94     +0.10     +0.53     +3.0      +24.8          
12:11:19  74        +1.81     -0.29     +0.04     +2.8      +24.8          
12:11:27  75        +2.02     -0.15     +0.68     +0.0      +24.8          
12:11:35  76        -3.83     -0.18     +0.41     +2.8      +24.8          
12:11:43  77        +0.03     +0.33     +0.05     +2.7      +24.8          
12:11:51  78        -0.38     +0.03     -0.25     +3.2      +24.8          
12:12:00  79        -1.36     +0.00     -0.17     +3.2      +24.8          
12:12:08  80        +0.91     -0.09     -0.04     +3.2      +24.8          
12:12:16  81        -0.93     -0.21     +0.22     +2.6      +24.8          
12:12:24  82        +3.65     -0.04     +0.17     +2.2      +24.8          
12:12:34  83        -4.30     -0.35     +0.13     +2.6      +24.8          
12:12:42  84        +2.02     +0.05     +0.12     +2.7      +24.8          
12:12:50  85        -2.60     -0.06     -0.27     +2.6      +24.8          
12:12:59  86        +1.46     +0.07     -0.27     +2.8      +24.8          
12:13:07  87        -3.45     -0.02     +0.55     +2.8      +24.8          
12:13:15  88        +0.15     +0.44     +0.08     +3.0      +24.8          
12:13:23  89        +4.18     +0.35     -0.40     +2.8      +24.8          
12:13:32  90        -7.59     +0.02     +0.05     +2.5      +24.8          
12:13:40  91        +3.56     +0.18     +0.43     +2.8      +24.8          
12:13:48  92        +0.09     -0.14     -0.14     +2.3      +24.8          
12:13:57  93        +0.19     +0.11     -0.09     +2.4      +24.8          
12:14:05  94        +4.16     -0.25     +0.46     +2.5      +24.8          
12:14:14  95        -5.69     -0.26     -0.38     +2.5      +24.8          
12:14:22  96        +3.94     -0.10     -0.01     +2.8      +24.8          
12:14:30  97        -4.23     -0.37     -0.00     +2.4      +24.8          
12:14:39  98        +1.96     +0.24     +0.20     +2.3      +24.8          
12:14:47  99        +3.74     -0.04     +0.13     +2.2      +24.8          
12:14:55  100       +4.67     +0.06     -0.14     +2.4      +24.8          
12:15:04  101       -3.01     +0.02     +0.03     +2.3      +24.8          
12:15:12  102       -1.30     -0.18     -0.02     +2.2      +24.8          
12:15:20  103       +1.70     +0.01     -0.31     +2.5      +24.8          
12:15:28  104       +0.09     +0.15     +0.18     +2.4      +24.8          
12:15:40  105       +0.31     -0.19     -0.06     +2.3      +24.8          
12:15:49  106       -2.54     -0.07     -0.31     +2.2      +24.8          
12:15:57  107       +0.14     +0.27     -0.04     +2.2      +24.8          
12:16:05  108       +4.96     -0.05     +0.33     +2.4      +24.8          
12:16:14  109       -2.96     +0.12     +0.17     +2.3      +24.8          
12:16:22  110       -0.59     -0.32     +0.19     +2.1      +24.8          
12:16:30  111       -0.03     +0.08     -0.10     +2.2      +24.8          
12:16:38  112       +4.26     +0.23     +0.17     +2.2      +24.8          
12:16:47  113       -3.99     -0.13     -0.04     +2.4      +24.8          
12:17:03  115       +4.32     -0.23     +0.55     +2.5      +31.3          
12:17:11  116       +5.07     +1.13     -1.48     +4.0      +31.3    Y     
12:17:20  117       -7.51     +0.11     -0.21     +2.6      +31.3          
12:17:28  118       -1.17     -0.15     -0.08     +2.3      +31.3          
12:17:36  119       -0.57     +0.34     +0.10     +2.3      +31.3          
12:17:44  120       -2.56     -0.07     -0.34     +2.3      +31.3          
12:17:52  121       -4.01     -0.12     -0.09     +2.0      +31.3          
12:18:01  122       +2.60     -0.18     +0.07     +2.0      +31.3          
12:18:09  123       -1.48     +0.14     +0.22     +2.1      +31.3          
12:18:17  124       +1.82     -0.33     -0.12     +2.0      +31.3          
12:18:25  125       +2.47     +0.21     -0.12     +2.1      +31.3          
12:18:33  126       +4.15     +0.03     -0.36     +2.3      +31.3          
12:18:42  127       -4.56     -0.05     +0.22     +2.0      +31.3          
12:18:50  128       +1.07     +0.01     -0.01     +2.5      +31.3          
12:18:59  129       +1.83     +0.42     -0.48     +2.7      +31.3          
12:19:07  130       -7.75     -0.20     +0.06     +2.8      +31.3          
12:19:16  131       +1.87     -0.26     +0.11     +2.3      +31.3          
12:19:24  132       +4.27     -0.25     -0.08     +2.6      +31.3          
12:19:32  133       -0.80     +0.43     -0.05     +2.3      +31.3          
12:19:40  134       -3.07     -0.05     +0.19     +2.3      +31.3          
12:19:48  135       +9.35     -0.03     -0.08     +2.1      +31.3          
12:19:57  136       -5.68     -0.12     -0.05     +2.0      +31.3          
12:20:05  137       -5.59     -0.03     +0.09     +2.1      +31.3          
12:20:13  138       +2.92     +0.07     +0.17     +2.2      +31.3          
12:20:21  139       -0.81     +0.10     -0.01     +2.1      +31.3          
12:20:29  140       +5.54     +0.32     -0.03     +2.2      +31.3          
12:20:39  141       -0.92     -0.07     -0.10     +2.0      +31.3          
12:20:47  142       -4.99     +0.06     -0.10     +2.0      +31.3          
12:20:55  143       +1.77     +0.10     +0.39     +2.2      +31.3          
12:21:05  144       +1.38     -0.22     -0.14     +2.2      +31.3          
12:21:13  145       +0.72     +0.25     -0.00     +2.4      +31.3          
12:21:21  146       -2.95     +0.03     +0.20     +2.3      +31.3          
12:21:30  147       +6.36     +0.10     -0.11     +2.3      +31.3          
12:21:40  148       -2.04     -0.20     -0.46     +2.4      +31.3          
12:21:48  149       +1.47     +0.09     -0.03     +2.4      +31.3          
12:21:57  150       -6.77     -0.07     -0.15     +2.1      +31.3          
12:22:05  151       -4.37     -0.04     +0.02     +2.1      +31.3          
12:22:13  152       +7.08     -0.06     +0.12     +2.1      +31.3          
12:22:21  153       -4.44     -0.40     +0.12     +2.2      +31.3          
12:22:29  154       +4.13     -0.10     +0.27     +2.1      +31.3          
12:22:37  155       +4.56     -0.20     +0.18     +2.2      +31.3          
12:22:45  156       -1.38     +0.03     -0.20     +2.3      +31.3          
12:22:53  157       -3.08     +0.24     -0.16     +2.5      +31.3          
12:23:02  158       -3.26     +0.14     -0.14     +2.4      +31.3          
12:23:10  159       +0.88     -0.02     +0.15     +2.0      +31.3          
12:23:18  160       +2.14     -0.14     -0.21     +2.1      +31.3          
12:23:26  161       -0.32     -0.01     +0.06     +2.1      +31.3          
12:23:35  162       +1.42     +0.46     +0.19     +2.3      +31.3          
12:23:43  163       +1.05     -0.00     -0.26     +2.4      +31.3          
12:23:52  164       -0.88     -0.07     +0.26     +2.2      +31.3          
12:24:00  165       -5.44     -0.37     -0.02     +2.0      +31.3          
12:24:08  166       +2.73     +0.21     -0.25     +2.3      +31.3          
12:24:16  167       +1.82     -0.09     +0.18     +2.1      +31.3          
12:24:24  168       +0.21     +0.08     +0.07     +2.2      +31.3          
12:24:33  169       -0.42     +0.09     -0.23     +2.1      +31.3          
12:24:41  170       -3.20     -0.03     -0.10     +2.2      +31.3          
12:24:49  171       +0.69     -0.04     +0.13     +2.5      +31.3          
12:25:06  173       -6.13     -0.75     +1.19     +4.2      +26.3          
12:25:15  174       +5.50     -0.26     -0.33     +2.5      +26.3          
12:25:23  175       +1.41     +0.09     -0.22     +2.1      +26.3          
12:25:31  176       +3.91     -0.06     -0.31     +2.0      +26.3          
12:25:39  177       +0.15     +0.02     -0.03     +2.0      +26.3          
12:25:47  178       -2.97     -0.01     +0.41     +2.2      +26.3          
12:25:56  179       -1.44     -0.01     -0.09     +2.0      +26.3          
12:26:04  180       +4.59     +0.17     +0.08     +2.0      +26.3          
12:26:13  181       +0.81     +0.16     -0.34     +2.0      +26.3          
12:26:22  182       +1.69     -0.07     +0.03     +2.1      +26.3          
12:26:30  183       -0.81     +0.07     +0.02     +2.4      +26.3          
12:26:38  184       -1.58     -0.37     +0.14     +2.1      +26.3          
12:26:46  185       +4.14     -0.09     +0.10     +2.2      +26.3          
12:26:55  186       -0.68     +0.17     +0.31     +2.3      +26.3          
12:27:03  187       -0.30     -0.05     -0.19     +2.2      +26.3          
12:27:11  188       +2.38     +0.07     +0.24     +2.3      +26.3          
12:27:19  189       -1.73     -0.09     -0.03     +2.3      +26.3          
12:27:27  190       +3.04     -0.01     -0.13     +2.2      +26.3          
12:27:35  191       -2.29     +0.24     -0.07     +2.3      +26.3          
12:27:44  192       -5.78     -0.22     +0.10     +2.4      +26.3          
12:27:52  193       -2.26     +0.14     -0.45     +2.5      +26.3          
12:28:00  194       +2.03     -0.23     +0.08     +2.2      +26.3          
12:28:08  195       +0.30     +0.04     +0.10     +2.0      +26.3          
12:28:16  196       -0.71     -0.02     +0.13     +2.2      +26.3          
12:28:24  197       +3.21     -0.14     -0.34     +2.2      +26.3          
12:28:33  198       -3.51     +0.02     -0.34     +2.2      +26.3          
12:28:41  199       +4.19     +0.03     +0.33     +2.1      +26.3          
12:28:49  200       -4.13     +0.28     +0.18     +2.2      +26.3          
12:28:57  201       +4.75     -0.08     -0.23     +2.0      +26.3          
12:29:06  202       +0.38     -0.12     -0.43     +2.3      +26.3          
12:29:14  203       -1.73     +0.15     +0.19     +1.9      +26.3          
12:29:22  204       -0.36     +0.14     +0.11     +1.9      +26.3          
12:29:31  205       -1.51     -0.15     +0.00     +1.9      +26.3          
12:29:39  206       +4.14     -0.00     -0.08     +2.1      +26.3          
12:29:47  207       -1.82     -0.17     +0.16     +1.9      +26.3          
12:29:55  208       -1.36     -0.07     +0.02     +2.0      +26.3          
12:30:04  209       +4.02     -0.08     +0.12     +2.0      +26.3          
12:30:12  210       -5.87     +0.25     +0.02     +2.0      +26.3          
12:30:21  211       +2.68     -0.11     +0.11     +1.8      +26.3          
12:30:29  212       -1.22     +0.06     -0.12     +1.8      +26.3          
12:30:38  213       +2.54     -0.14     +0.05     +1.9      +26.3          
12:30:46  214       +0.79     +0.31     +0.08     +2.0      +26.3          
12:30:54  215       +3.42     -0.02     -0.30     +2.3      +26.3          
12:31:02  216       -1.16     +0.13     -0.11     +2.3      +26.3          
12:31:11  217       -4.61     -0.07     +0.28     +1.9      +26.3          
12:31:19  218       -0.75     +0.00     +0.00     +2.0      +26.3          
12:31:27  219       -2.99     +0.10     +0.21     +2.0      +26.3          
12:31:35  220       -2.44     -0.04     +0.03     +2.1      +26.3          
12:31:44  221       +1.87     -0.24     -0.15     +2.1      +26.3          
12:31:52  222       -1.50     +0.42     -0.02     +2.3      +26.3          
12:32:00  223       +8.60     +0.08     -0.23     +2.1      +26.3          
12:32:08  224       +0.49     -0.09     +0.48     +1.9      +26.3          
12:32:16  225       -2.10     -0.27     -0.10     +2.2      +26.3          
12:32:24  226       -1.14     +0.16     +0.25     +1.8      +26.3          
12:32:33  227       -2.56     -0.12     -0.25     +1.8      +26.3          
12:32:41  228       -0.51     -0.03     +0.22     +1.9      +26.3          
12:32:49  229       +0.24     +0.10     +0.15     +2.0      +26.3          
12:32:59  230       +2.74     -0.12     -0.02     +2.1      +26.3          
12:33:07  231       -0.80     +0.09     -0.18     +2.1      +26.3          
12:33:15  232       -0.02     -0.00     -0.00     +2.3      +26.3          
12:33:24  233       -1.38     -0.06     +0.01     +2.1      +26.3          
12:33:32  234       +0.97     -0.02     -0.28     +2.1      +26.3          
12:33:40  235       +0.57     -0.06     +0.30     +1.8      +26.3          
12:33:48  236       -0.64     +0.11     -0.15     +2.1      +26.3          
12:33:56  237       +0.92     +0.18     -0.23     +2.3      +26.3          
12:34:05  238       +1.61     +0.11     +0.29     +2.2      +26.3          
12:34:13  239       -1.03     -0.14     +0.12     +2.1      +26.3          
12:34:21  240       -1.91     -0.18     +0.13     +2.0      +26.3          
12:34:29  241       +1.05     -0.02     -0.29     +1.8      +26.3          
12:34:37  242       -0.78     +0.04     +0.10     +1.8      +26.3          
12:34:46  243       +3.36     +0.17     -0.20     +2.0      +26.3          
12:34:54  244       -2.01     +0.12     -0.26     +1.9      +26.3          
12:35:02  245       +5.79     -0.16     -0.04     +2.0      +26.3          
12:35:10  246       -4.60     -0.31     -0.06     +2.0      +26.3          
12:35:18  247       -2.08     -0.03     +0.24     +2.1      +26.3          
12:35:27  248       +2.80     +0.06     +0.08     +1.8      +26.3          
12:35:35  249       +3.15     +0.28     +0.03     +2.2      +26.3          
12:35:43  250       -5.71     +0.00     -0.01     +2.2      +26.3          
12:35:51  251       -0.57     +0.06     +0.24     +2.1      +26.3          
12:36:00  252       -2.54     -0.10     -0.03     +2.2      +26.3          
12:36:08  253       +0.35     -0.22     -0.28     +1.9      +26.3          
12:36:16  254       +2.65     +0.17     -0.17     +1.9      +26.3          
12:36:24  255       -0.34     -0.07     -0.05     +1.9      +26.3          
12:36:32  256       +1.61     -0.02     +0.12     +1.8      +26.3          
12:36:41  257       +3.76     +0.05     -0.15     +1.8      +26.3          
12:36:49  258       +0.53     +0.06     +0.06     +2.0      +26.3          
12:36:57  259       -0.51     +0.03     +0.04     +2.1      +26.3          
12:37:05  260       -5.36     +0.04     -0.06     +1.8      +26.3          
12:37:13  261       +1.57     +0.05     +0.21     +1.8      +26.3          
12:37:21  262       -6.53     +0.01     -0.10     +2.1      +26.3          
12:37:29  263       -0.55     +0.15     +0.40     +2.5      +26.3          
12:37:37  264       +4.08     -0.10     -0.29     +2.3      +26.3          
12:37:45  265       -1.45     -0.06     -0.08     +2.0      +26.3          
12:37:54  266       -2.47     +0.01     -0.31     +2.0      +26.3          
12:38:02  267       -2.87     -0.15     +0.05     +1.9      +26.3          
12:38:10  268       +2.82     -0.12     +0.47     +2.0      +26.3          
12:38:19  269       +0.88     +0.22     -0.38     +2.4      +26.3          
12:38:27  270       +2.32     +0.09     +0.24     +2.5      +26.3          
12:38:35  271       +0.43     -0.05     -0.19     +2.0      +26.3          
12:38:43  272       +1.64     -0.39     -0.21     +2.0      +26.3          
12:38:51  273       -2.60     -0.03     +0.35     +2.0      +26.3          
12:39:00  274       +5.03     -0.17     -0.40     +2.1      +26.3          
