# Time    Exp ID    Rot ('')  RA ('')  Dec ('')  See ('')  Scale-1 (e5)  Lurch?
#-------------------------------------------------------------------------------
02:16:53  4         -47.55    +1.24     -1.10     +1.5      +0.0           
02:17:01  5         +0.00     +0.00     -7.68     +0.0      +0.0           
02:17:09  6         +4.10     +0.54     +0.37     +1.5      +0.0           
02:17:24  7         -24.71    +1.68     +0.45     +1.7      +0.0           
02:17:40  8         -47.71    +1.05     -0.95     +1.8      +0.0           
02:17:48  9         +10.61    +2.12     -0.83     +1.3      +0.0           
02:17:56  10        +0.00     +0.53     -6.02     +0.0      +0.0           
02:18:06  11        -14.18    +1.45     +0.75     +1.6      +0.0           
02:18:21  12        -54.27    +1.40     +0.51     +1.5      +0.0           
02:18:37  13        +12.64    +1.11     +1.32     +1.7      +0.0           
02:18:53  14        +19.07    +0.81     +1.05     +1.6      +0.0           
02:19:08  15        +77.26    +0.56     +1.06     +1.5      +0.0           
02:19:24  16        +81.92    +0.03     +1.30     +1.4      +0.0           
02:19:39  17        +72.22    -0.31     +0.49     +1.5      +0.0           
02:19:55  18        +20.38    -0.86     -0.16     +1.5      +0.0           
02:20:10  19        +3.46     -0.51     -0.35     +1.5      +0.0           
02:20:26  20        -7.99     -0.73     -0.23     +1.5      +0.0           
02:20:50  22        -8.89     -0.77     -0.70     +1.4      +10.0          
02:21:06  23        -6.67     +4.74     +0.97     +1.4      +10.0          
02:21:22  24        +5.57     -1.40     -1.12     +1.6      +10.0          
02:21:38  25        +1.21     -2.22     -0.64     +1.5      +10.0          
02:21:54  26        -27.95    -2.59     -0.77     +1.5      +10.0          
02:22:10  27        -16.78    -2.57     -0.82     +1.2      +10.0          
02:22:25  28        -17.80    -0.69     -0.11     +1.3      +10.0          
02:22:42  29        -12.29    -0.34     +0.19     +1.3      +10.0          
02:22:58  30        -8.81     +0.13     +0.26     +1.2      +10.0          
02:23:22  32        -7.44     +0.01     +0.29     +1.3      +14.0          
02:23:38  33        -7.37     -1.11     +1.16     +2.0      +14.0          
02:23:53  34        -7.11     +0.12     +0.18     +1.2      +14.0          
02:24:09  35        -9.20     +0.10     +0.12     +1.3      +14.0          
02:24:25  36        -5.40     -0.01     +0.29     +1.3      +14.0          
02:24:41  37        -2.07     +0.08     -0.02     +1.2      +14.0          
02:24:57  38        -5.13     +0.11     +0.05     +1.2      +14.0          
02:25:29  39        -3.42     -0.10     +0.02     +1.2      +14.0          
02:26:10  40        -2.63     -0.08     +0.10     +1.2      +14.0          
02:26:55  41        -1.43     -0.15     +0.11     +1.4      +14.0          
02:27:36  42        +0.09     +0.22     +0.18     +1.3      +14.0          
02:28:21  43        +0.54     -0.07     +0.11     +1.4      +14.1          
02:28:58  44        -0.73     -0.17     +0.02     +1.3      +14.2          
02:29:39  45        +1.51     +0.04     +0.01     +1.3      +14.4          
02:30:29  46        +2.55     -0.06     +0.01     +1.3      +14.5          
02:31:12  47        -0.90     -0.15     -0.06     +1.5      +14.6          
02:31:54  48        -0.98     -0.01     -0.10     +1.4      +14.8          
02:32:36  49        -0.06     -0.15     +0.19     +1.4      +14.8          
02:33:24  50        +0.01     +0.04     +0.03     +1.3      +14.7          
02:34:05  51        +0.96     +0.11     -0.10     +1.3      +14.7          
02:34:55  52        -0.24     -0.14     +0.11     +1.3      +14.6          
02:35:38  53        -0.21     +0.03     +0.08     +1.2      +14.4          
02:36:25  54        +2.35     +0.13     +0.18     +1.4      +14.2          
02:37:07  55        -0.86     -0.10     +0.11     +1.3      +14.0          
02:37:54  56        -0.61     -0.06     -0.04     +1.3      +13.8          
02:38:36  57        -0.05     -0.15     +0.05     +1.3      +13.7          
02:39:24  58        -0.04     -0.06     -0.15     +1.2      +13.6          
02:40:06  59        +0.69     +0.02     -0.09     +1.2      +13.4          
02:40:51  60        -0.64     +0.03     +0.03     +1.3      +13.3          
02:41:32  61        -0.45     +0.12     +0.02     +1.1      +13.2          
02:42:13  62        -0.01     -0.02     +0.02     +1.1      +13.2          
02:42:56  63        -0.58     -0.05     +0.00     +1.3      +13.3          
02:43:37  64        +0.72     -0.15     +0.14     +1.2      +13.4          
02:44:25  65        -0.34     -0.07     +0.07     +1.2      +13.4          
02:45:07  66        +0.26     +0.07     -0.09     +1.3      +13.4          
02:45:54  67        -0.11     -0.10     +0.13     +1.3      +13.4          
02:46:35  68        +0.32     -0.06     +0.05     +1.3      +13.3          
02:47:24  69        +1.23     +0.03     +0.09     +1.3      +13.3          
02:48:05  70        -1.46     +0.02     -0.12     +1.2      +13.3          
02:48:54  71        +0.15     -0.07     +0.07     +1.3      +13.3          
02:49:35  72        -0.20     -0.01     -0.15     +1.3      +13.3          
02:50:19  73        -0.41     -0.01     +0.04     +1.3      +13.3          
02:50:55  74        +0.88     -0.05     -0.07     +1.3      +13.4          
02:51:35  75        +0.81     -0.08     +0.04     +1.2      +13.5          
02:52:22  76        +0.20     -0.03     +0.05     +1.1      +13.5          
02:53:03  77        -1.88     -0.03     +0.09     +1.2      +13.6          
02:53:44  78        +0.61     -0.06     +0.03     +1.3      +13.6          
02:54:30  79        +0.30     +0.10     -0.14     +1.3      +13.6          
02:55:11  80        -0.40     +0.01     +0.12     +1.3      +13.5          
02:55:55  81        +0.46     +0.04     +0.01     +1.2      +13.4          
02:56:35  82        -0.97     -0.11     +0.06     +1.3      +13.4          
02:57:24  83        -0.14     +0.00     +0.04     +1.3      +13.4          
02:58:05  84        -0.53     +0.08     +0.13     +1.3      +13.3          
02:58:54  85        +0.98     +0.09     -0.10     +1.4      +13.2          
02:59:37  86        +0.08     -0.24     +0.21     +1.4      +13.1          
03:00:22  87        +1.26     -0.16     -0.12     +1.5      +13.1          
03:01:04  88        -0.53     -0.02     +0.05     +1.5      +13.0          
03:01:54  89        +1.50     +0.19     -0.04     +1.6      +12.9          
03:02:32  90        -0.61     +0.00     +0.09     +1.4      +12.8          
03:03:15  91        -0.13     -0.04     -0.05     +1.4      +12.7          
03:03:57  92        +1.12     +0.04     -0.04     +1.4      +12.7          
03:04:38  93        -2.17     -0.00     +0.13     +1.3      +12.6          
03:05:27  94        -0.21     +0.09     -0.13     +1.2      +12.5          
03:06:03  95        -0.69     -0.01     +0.03     +1.2      +12.4          
03:06:44  96        +0.17     -0.13     -0.16     +1.3      +12.4          
03:07:33  97        -1.18     +0.03     +0.09     +1.3      +12.4          
03:08:14  98        +0.78     +0.02     +0.06     +1.2      +12.4          
03:08:55  99        +0.40     +0.12     +0.08     +1.3      +12.4          
03:09:37  100       -0.49     -0.16     +0.08     +1.3      +12.4          
03:10:17  101       +0.56     -0.28     -0.09     +1.3      +12.4          
03:10:58  102       +0.67     +0.05     +0.04     +1.4      +12.5          
03:11:40  103       -1.14     +0.02     +0.10     +1.5      +12.6          
03:12:29  104       +0.79     -0.06     +0.04     +1.4      +12.7          
03:13:12  105       -0.81     -0.15     +0.07     +1.4      +12.8          
03:13:54  106       +0.14     -0.01     +0.10     +1.4      +12.9          
03:14:36  107       -0.50     -0.06     +0.09     +1.4      +13.0          
03:15:24  108       +0.97     -0.03     -0.14     +1.4      +13.0          
03:16:05  109       +0.17     +0.03     +0.10     +1.2      +13.0          
03:16:54  110       -0.60     +0.09     -0.08     +1.3      +13.0          
03:17:38  111       -0.15     -0.11     -0.03     +1.5      +13.0          
03:18:24  112       +0.55     -0.01     +0.07     +1.3      +13.0          
03:19:06  113       -0.54     -0.08     +0.19     +1.5      +13.0          
03:19:51  114       -0.95     +0.09     -0.06     +1.5      +13.0          
03:20:33  115       +0.62     +0.01     +0.16     +1.5      +12.9          
03:21:14  116       +0.77     +0.10     +0.01     +1.5      +12.7          
03:21:56  117       +0.62     -0.01     -0.12     +1.6      +12.5          
03:22:37  118       -0.81     -0.14     -0.11     +1.6      +12.3          
03:23:24  119       -1.17     -0.04     +0.22     +1.7      +12.1          
03:24:06  120       +0.16     +0.08     -0.03     +1.6      +11.9          
03:24:54  121       +0.46     +0.03     -0.14     +1.5      +11.7          
03:25:34  122       +1.06     -0.18     +0.09     +1.6      +11.8          
03:26:24  123       -0.02     -0.01     +0.12     +1.5      +11.8          
03:27:05  124       -0.37     +0.14     -0.06     +1.4      +11.8          
03:27:54  125       -0.30     -0.17     +0.01     +1.3      +11.8          
03:28:35  126       +1.88     +0.02     +0.05     +1.2      +11.8          
03:29:24  127       +0.78     -0.20     +0.09     +1.3      +11.8          
03:30:00  128       -1.23     -0.19     +0.21     +1.3      +11.7          
03:30:41  129       +0.27     +0.06     +0.28     +1.4      +11.6          
03:31:29  130       +0.14     +0.02     -0.09     +1.3      +11.5          
03:32:08  131       -1.11     +0.11     -0.00     +1.3      +11.4          
03:32:54  132       -1.15     +0.06     +0.13     +1.4      +11.4          
03:48:08  134       +22.10    +3.23     -1.23     +1.4      +11.4          
03:48:16  135       +0.00     +5.31     -1.54     +0.0      +11.4          
03:48:25  136       +83.52    -0.39     -0.12     +1.2      +11.4          
03:48:40  137       +81.99    -0.12     -0.06     +1.2      +11.4          
03:48:56  138       +40.48    -0.02     +0.04     +1.2      +11.4          
03:49:12  139       +16.55    -0.16     +0.08     +1.2      +11.4          
03:49:35  141       +4.14     -0.78     +0.85     +0.0      +14.4          
03:49:51  142       -0.71     -0.34     +0.13     +1.2      +14.4          
03:50:07  143       -5.37     -0.21     +0.26     +1.3      +14.4          
03:50:23  144       -5.09     -0.18     +0.24     +1.2      +14.4          
03:50:56  145       -7.59     +0.10     +0.03     +1.3      +14.4          
03:51:38  146       -11.64    -0.02     -0.12     +1.3      +14.4          
03:52:27  147       -4.97     -0.08     +0.03     +1.2      +14.4          
03:53:09  148       -3.72     +0.01     +0.10     +1.1      +14.4          
03:53:54  149       -1.76     +0.03     -0.01     +1.2      +14.4          
03:54:35  150       -2.96     -0.04     +0.10     +1.1      +14.3          
03:55:24  151       -1.74     -0.06     +0.10     +1.1      +14.3          
03:56:06  152       -0.63     +0.11     +0.06     +1.2      +14.2          
03:56:55  153       +11.70    -0.11     +0.01     +1.2      +14.2          
03:57:37  154       +7.85     -0.10     -0.01     +1.1      +14.1          
03:58:25  155       +9.32     +0.19     -0.05     +1.1      +14.1          
03:59:07  156       +10.33    -0.10     -0.07     +1.2      +14.1          
03:59:55  157       +2.00     +0.11     +0.03     +1.1      +14.0          
04:00:37  158       +4.47     -0.03     +0.05     +1.1      +14.0          
04:01:26  159       +4.85     -0.13     -0.07     +1.1      +13.9          
04:02:07  160       +5.18     +0.09     -0.00     +1.1      +13.9          
04:02:49  161       -3.75     -0.10     +0.07     +1.1      +13.8          
04:03:30  162       -3.32     -0.12     +0.14     +1.1      +13.7          
04:04:12  163       -2.96     -0.05     -0.06     +1.1      +13.6          
04:04:54  164       -2.10     +0.06     -0.00     +1.1      +13.5          
04:05:35  165       -0.92     +0.04     -0.02     +1.1      +13.4          
04:06:24  166       -11.70    -0.00     +0.04     +1.1      +13.2          
04:07:05  167       -14.07    +0.06     -0.07     +1.1      +13.2          
04:07:54  168       -7.57     -0.14     +0.09     +1.1      +13.2          
04:08:36  169       -13.79    +0.03     +0.01     +1.1      +13.3          
04:09:19  170       -13.84    -0.10     -0.12     +1.1      +13.3          
04:10:01  171       -19.93    -0.15     +0.07     +1.1      +13.3          
04:10:42  172       -14.98    +0.04     +0.07     +1.1      +13.3          
04:11:30  173       -15.23    +0.07     -0.06     +1.1      +13.3          
04:12:11  174       -15.25    +0.05     +0.00     +1.1      +13.3          
04:12:54  175       +1.43     +0.00     +0.03     +1.2      +13.3          
04:13:36  176       +0.40     +0.21     -0.01     +1.1      +13.3          
04:14:24  177       +1.82     -0.07     +0.02     +1.1      +13.3          
04:15:05  178       +1.86     -0.07     -0.10     +1.1      +13.3          
04:15:55  179       +6.10     -0.04     +0.17     +1.1      +13.3          
04:16:36  180       +1.48     +0.00     +0.06     +1.2      +13.2          
04:17:24  181       -5.68     +0.03     +0.01     +1.1      +13.2          
04:18:06  182       +4.45     +0.05     -0.07     +1.2      +13.1          
04:18:51  183       -2.27     -0.05     -0.05     +1.3      +13.0          
04:19:32  184       +3.05     -0.13     -0.02     +1.2      +13.0          
04:20:15  185       +3.37     +0.12     -0.09     +1.3      +12.9          
04:20:56  186       +2.12     -0.02     +0.06     +1.2      +12.9          
04:21:38  187       +5.68     +0.03     +0.06     +1.3      +12.8          
04:22:22  188       +4.01     +0.13     -0.06     +1.3      +12.8          
04:23:03  189       -3.16     +0.11     -0.09     +1.3      +12.7          
04:23:42  190       -12.86    -0.14     +0.06     +1.3      +12.7          
04:24:26  191       -2.23     -0.07     +0.02     +1.2      +12.6          
04:25:08  192       +5.06     +0.01     +0.10     +1.2      +12.6          
04:25:54  193       +11.64    -0.10     +0.10     +1.3      +12.6          
04:26:35  194       +6.70     +0.05     +0.03     +1.3      +12.6          
04:27:24  195       +6.52     +0.05     -0.07     +1.3      +12.6          
04:28:05  196       +7.91     +0.06     -0.08     +1.4      +12.5          
04:28:54  197       +6.74     -0.03     -0.08     +1.4      +12.4          
04:29:33  198       +7.14     -0.03     +0.05     +1.3      +12.4          
04:30:14  199       +5.68     +0.01     -0.01     +1.3      +12.4          
04:30:55  200       +5.62     -0.04     +0.03     +1.3      +12.4          
04:31:38  201       +6.04     +0.05     +0.02     +1.2      +12.4          
04:32:24  202       +4.86     -0.10     +0.05     +1.4      +12.4          
04:33:05  203       +4.33     +0.06     +0.07     +1.4      +12.4          
04:33:55  204       +5.53     +0.01     +0.01     +1.3      +12.4          
04:34:37  205       +1.58     -0.11     +0.03     +1.3      +12.4          
04:35:25  206       +3.25     -0.08     -0.01     +1.2      +12.4          
04:36:06  207       +2.25     +0.13     -0.14     +1.1      +12.3          
04:36:49  208       +0.33     +0.06     -0.12     +1.1      +12.2          
04:37:31  209       +1.45     -0.12     +0.07     +1.3      +12.2          
04:38:12  210       +1.31     +0.15     +0.02     +1.4      +12.1          
04:38:54  211       +0.70     +0.05     +0.02     +1.4      +12.1          
04:39:35  212       +0.48     -0.17     +0.10     +1.4      +12.1          
04:40:24  213       +0.03     +0.09     +0.06     +1.4      +12.1          
04:41:06  214       +1.55     -0.03     +0.03     +1.5      +12.0          
04:41:55  215       +0.96     -0.02     -0.03     +1.3      +12.0          
04:42:34  216       -1.56     -0.09     +0.12     +1.5      +12.0          
04:43:25  217       -1.73     -0.07     -0.02     +1.5      +11.9          
04:44:08  218       +1.15     -0.04     -0.03     +1.3      +11.9          
04:44:55  219       +1.09     -0.02     +0.07     +1.3      +11.8          
04:45:36  220       +0.08     -0.04     +0.03     +1.2      +11.7          
04:46:19  221       -0.50     +0.06     +0.06     +1.1      +11.7          
04:47:00  222       +0.28     +0.11     +0.00     +1.0      +11.8          
04:47:42  223       -0.19     -0.13     -0.12     +1.1      +11.9          
04:48:29  224       +0.07     -0.13     -0.07     +1.0      +12.0          
04:49:11  225       +0.07     -0.06     +0.08     +1.1      +12.1          
04:49:54  226       -0.42     +0.19     -0.00     +1.0      +12.2          
04:50:35  227       +0.28     +0.20     -0.05     +1.0      +12.2          
04:51:24  228       -0.64     -0.25     +0.05     +1.0      +12.3          
04:52:05  229       +0.10     +0.15     +0.01     +1.0      +12.3          
04:52:54  230       +0.33     -0.07     -0.04     +1.1      +12.3          
04:53:35  231       -0.11     -0.03     +0.12     +1.0      +12.3          
04:54:24  232       +1.52     -0.01     +0.15     +1.0      +12.3          
04:55:04  233       +0.52     -0.12     -0.04     +1.1      +12.4          
04:55:51  234       +0.31     -0.06     +0.01     +1.2      +12.4          
04:56:32  235       -1.06     +0.23     +0.01     +1.1      +12.4          
04:57:13  236       +0.74     -0.04     -0.03     +1.1      +12.4          
04:57:55  237       -0.80     -0.04     -0.10     +1.1      +12.4          
04:58:37  238       +0.31     -0.10     -0.00     +1.1      +12.4          
04:59:23  239       -0.89     +0.00     +0.26     +1.1      +12.4          
05:00:04  240       -0.33     +0.01     -0.05     +1.1      +12.4          
05:00:52  241       +0.88     -0.06     +0.06     +1.1      +12.4          
05:01:34  242       -0.24     -0.05     -0.05     +1.0      +12.4          
05:02:25  243       +0.14     -0.02     -0.05     +1.0      +12.4          
05:03:06  244       -0.48     -0.12     -0.03     +1.0      +12.4          
05:03:54  245       +0.12     -0.10     +0.14     +1.0      +12.5          
05:04:36  246       -1.20     +0.19     +0.09     +1.0      +12.5          
05:05:24  247       +0.21     +0.13     -0.03     +1.0      +12.5          
05:06:05  248       +1.13     -0.12     -0.01     +1.0      +12.6          
05:06:48  249       +0.64     -0.07     +0.13     +1.0      +12.6          
05:07:30  250       -0.06     -0.05     -0.08     +1.0      +12.6          
05:08:11  251       -0.68     -0.05     +0.16     +1.0      +12.6          
05:08:54  252       +0.09     -0.11     -0.01     +1.0      +12.6          
05:09:35  253       -0.90     -0.19     +0.16     +1.1      +12.6          
05:10:26  254       +0.67     +0.00     +0.02     +1.0      +12.6          
05:11:07  255       -0.60     +0.05     +0.15     +1.1      +12.6          
05:11:54  256       +0.30     -0.09     +0.10     +1.1      +12.6          
05:12:35  257       +0.58     +0.04     -0.01     +1.1      +12.6          
05:13:18  258       +0.73     -0.02     -0.04     +1.1      +12.6          
05:14:00  259       -0.01     -0.01     +0.02     +1.0      +12.6          
05:14:40  260       -1.06     +0.05     +0.01     +1.1      +12.6          
05:15:24  261       -0.49     -0.14     +0.03     +1.1      +12.6          
05:16:06  262       +0.60     -0.10     +0.04     +1.1      +12.5          
05:16:55  263       +0.74     -0.10     +0.01     +1.1      +12.5          
05:17:37  264       +0.66     +0.03     -0.05     +1.1      +12.4          
05:18:25  265       -1.31     +0.11     +0.16     +1.1      +12.3          
05:39:02  267       -26.08    -0.27     +0.36     +1.6      +12.3          
05:39:10  268       -14.46    +0.60     +0.11     +1.4      +12.3          
05:39:18  269       -7.32     +0.96     +0.92     +1.6      +12.3          
05:39:25  270       +58.87    +0.43     -0.22     +1.4      +12.3          
05:39:33  271       +6.19     -1.40     +0.44     +1.1      +12.3          
05:39:41  272       -26.81    +0.78     -1.18     +1.7      +12.3          
05:39:49  273       +1.32     -0.37     +2.13     +1.7      +12.3          
05:39:57  274       +20.00    +0.80     +0.74     +1.4      +12.3          
05:40:04  275       -18.44    +0.30     +1.76     +1.3      +12.3          
05:40:12  276       -16.17    -1.82     +0.78     +1.3      +12.3          
05:40:20  277       +0.00     -8.83     +4.86     +0.0      +12.3          
05:40:29  278       +73.80    +0.98     +0.19     +1.5      +12.3          
05:40:44  279       +38.21    +0.63     +0.38     +1.4      +12.3          
05:41:00  280       +16.03    +0.42     +0.04     +1.3      +12.3          
05:41:16  281       -59.69    -2.11     +1.61     +1.4      +12.3          
05:41:34  282       +33.05    +1.85     -1.41     +1.3      +12.3          
05:41:49  283       +14.61    +0.51     -0.34     +1.3      +12.3          
05:42:05  284       +7.60     +0.22     -0.23     +1.3      +12.3          
05:42:20  285       +2.71     +0.24     -0.45     +1.3      +12.3          
05:42:55  286       -0.61     +0.47     -0.00     +1.3      +12.3          
05:43:33  287       -1.76     +0.57     +0.06     +1.3      +12.3          
05:44:12  288       +1.80     +0.51     +0.06     +1.3      +12.3          
05:44:54  289       +0.22     +0.69     -0.22     +1.3      +12.3          
05:45:32  290       -0.64     +0.30     -0.14     +1.4      +12.3          
05:46:05  291       -0.75     +0.17     -0.34     +1.4      +12.5          
05:46:59  293       +0.72     +0.30     -0.25     +1.7      +16.5          
05:47:40  294       -3.08     +0.01     -0.19     +1.5      +16.5          
05:48:19  295       +1.50     +0.12     -0.48     +1.4      +16.5          
05:48:57  296       -0.30     +0.15     -0.38     +1.4      +16.5          
05:49:35  297       +1.53     +0.11     -0.44     +1.3      +16.5          
05:50:15  298       -0.42     +0.29     -0.02     +1.2      +16.5          
05:50:55  299       +0.07     +0.27     -0.32     +1.2      +16.5          
05:51:33  300       +1.41     +0.28     -0.22     +1.2      +16.5          
05:52:12  301       -0.58     +0.29     -0.28     +1.2      +16.5          
05:52:54  302       -0.90     +0.35     -0.27     +1.3      +16.5          
05:53:32  303       -0.29     +0.12     -0.41     +1.2      +16.5          
05:54:05  304       -1.22     +0.02     -0.33     +1.3      +16.5          
05:54:41  305       +1.21     +0.12     -0.26     +1.3      +16.5          
05:55:26  306       -1.99     +0.40     -0.02     +1.3      +16.5          
05:56:04  307       -0.25     +0.23     -0.04     +1.3      +16.5          
05:56:42  308       +0.99     +0.18     -0.18     +1.3      +16.5          
05:57:26  309       -1.86     +0.01     -0.31     +1.3      +16.6          
05:58:04  310       +2.39     +0.13     -0.02     +1.4      +16.6          
05:58:31  311       +0.20     +0.37     +0.09     +1.3      +16.6          
05:58:57  312       +2.94     +0.16     -0.04     +1.3      +16.6          
05:59:24  313       -0.25     +0.21     -0.18     +1.3      +16.4          
05:59:52  314       +0.32     +0.25     -0.01     +1.4      +16.2          
06:00:24  315       -0.49     -0.17     -0.33     +1.3      +16.0          
06:00:58  316       -1.19     +0.13     -0.17     +1.3      +15.8          
06:01:25  317       +0.58     +0.08     -0.06     +1.4      +15.7          
06:01:44  318       -0.47     +0.16     -0.13     +1.3      +15.7          
06:02:03  319       +0.90     +0.13     +0.13     +1.4      +15.7          
06:02:20  320       -2.13     -0.07     -0.27     +1.3      +15.7          
06:02:38  321       -0.81     +0.10     +0.04     +1.2      +15.7          
06:02:57  322       +0.28     +0.17     +0.08     +1.2      +15.7          
06:03:14  323       -1.54     +0.23     -0.01     +1.3      +15.7          
06:03:33  324       -0.66     +0.07     -0.10     +1.3      +15.7          
06:03:51  325       +0.88     +0.08     -0.08     +1.3      +15.7          
06:04:09  326       -1.17     -0.05     -0.23     +1.3      +15.7          
06:04:26  327       -1.03     -0.00     -0.01     +1.3      +15.7          
06:04:44  328       +0.13     +0.08     -0.07     +1.2      +15.7          
06:05:02  329       +0.89     +0.09     -0.03     +1.2      +15.7          
06:05:20  330       -1.25     -0.16     -0.07     +1.3      +15.7          
06:05:37  331       -0.83     -0.04     -0.16     +1.3      +15.7          
06:05:56  332       -0.15     +0.01     +0.02     +1.2      +15.7          
06:06:14  333       +2.58     +0.23     +0.15     +1.2      +15.7          
06:06:32  334       -1.69     -0.06     -0.07     +1.3      +15.7          
06:06:50  335       -0.92     +0.31     -0.21     +1.2      +15.7          
06:07:08  336       -0.23     -0.07     -0.02     +1.2      +15.7          
06:07:25  337       +0.16     +0.01     +0.09     +1.4      +15.7          
06:07:45  338       +1.79     -0.11     -0.23     +1.2      +15.7          
06:08:03  339       +0.67     +0.10     -0.00     +1.3      +15.7          
06:08:20  340       -1.36     +0.20     +0.01     +1.2      +15.7          
06:08:38  341       +0.54     +0.19     -0.05     +1.2      +15.7          
06:08:55  342       -1.20     +0.09     +0.06     +1.2      +15.7          
06:09:13  343       +1.28     -0.08     -0.07     +1.2      +15.7          
06:09:31  344       +1.29     -0.05     -0.08     +1.2      +15.7          
06:09:48  345       -1.42     +0.01     -0.06     +1.2      +15.7          
06:10:06  346       +0.03     +0.17     -0.21     +1.2      +15.7          
06:10:24  347       -1.14     +0.04     -0.00     +1.2      +15.7          
06:10:41  348       -0.34     +0.08     -0.10     +1.2      +15.7          
06:11:00  349       -0.75     +0.13     +0.03     +1.2      +15.7          
06:11:18  350       +1.27     +0.11     -0.03     +1.2      +15.7          
06:11:35  351       +0.50     -0.03     +0.07     +1.2      +15.7          
06:11:53  352       +0.16     -0.08     -0.07     +1.3      +15.7          
06:12:11  353       +0.42     -0.06     -0.22     +1.3      +15.7          
06:12:28  354       +1.03     +0.08     -0.13     +1.2      +15.7          
06:12:46  355       -0.62     +0.02     -0.06     +1.3      +15.7          
06:13:04  356       +0.20     +0.05     +0.09     +1.3      +15.7          
06:13:22  357       +0.24     -0.12     -0.19     +1.3      +15.7          
06:13:39  358       +0.25     +0.09     -0.09     +1.3      +15.7          
06:13:57  359       -1.12     +0.13     +0.10     +1.2      +15.7          
06:14:14  360       -0.32     +0.19     +0.16     +1.2      +15.7          
06:14:32  361       +0.72     +0.06     +0.05     +1.1      +15.7          
06:14:50  362       -0.38     -0.10     -0.12     +1.2      +15.7          
06:15:07  363       -0.76     +0.04     +0.04     +1.1      +15.7          
06:15:25  364       -0.42     +0.01     -0.03     +1.1      +15.7          
06:15:43  365       -0.14     +0.06     -0.11     +1.1      +15.7          
06:16:01  366       +1.39     +0.03     -0.00     +1.1      +15.7          
06:16:18  367       -1.02     -0.05     -0.19     +1.1      +15.7          
06:16:36  368       -0.34     +0.21     -0.15     +1.2      +15.7          
06:16:54  369       +1.01     -0.06     +0.06     +1.2      +15.7          
06:17:11  370       +0.53     -0.01     +0.08     +1.2      +15.7          
06:17:29  371       -0.31     +0.04     -0.05     +1.1      +15.7          
06:17:47  372       -0.02     +0.08     +0.11     +1.1      +15.7          
06:18:05  373       -0.37     +0.09     +0.04     +1.2      +15.7          
06:18:25  374       -0.77     -0.08     -0.09     +1.2      +15.7          
06:18:43  375       +1.60     -0.01     -0.08     +1.2      +15.7          
06:19:01  376       +0.51     +0.22     -0.13     +1.3      +15.7          
06:19:19  377       +0.03     -0.02     +0.19     +1.2      +15.7          
06:19:37  378       -0.88     -0.10     -0.17     +1.2      +15.7          
06:19:55  379       -0.83     +0.09     -0.11     +1.2      +15.7          
06:20:13  380       +0.61     +0.09     +0.03     +1.2      +15.7          
06:20:31  381       -0.30     -0.00     -0.04     +1.2      +15.7          
06:20:49  382       -0.05     +0.10     +0.07     +1.1      +15.7          
06:21:06  383       +0.78     -0.02     -0.13     +1.2      +15.7          
06:21:24  384       -1.05     +0.12     +0.03     +1.1      +15.7          
06:21:42  385       +0.03     -0.07     -0.01     +1.2      +15.7          
06:22:00  386       -0.65     -0.01     +0.00     +1.3      +15.7          
06:22:18  387       +0.02     +0.14     -0.16     +1.2      +15.7          
06:22:36  388       +0.40     -0.04     -0.12     +1.2      +15.7          
06:22:54  389       +0.14     +0.07     +0.07     +1.2      +15.7          
06:23:12  390       -0.62     -0.10     -0.05     +1.2      +15.7          
06:23:30  391       -0.72     +0.05     -0.17     +1.3      +15.7          
06:23:48  392       +0.98     +0.29     +0.05     +1.2      +15.7          
06:24:05  393       +1.56     +0.07     +0.06     +1.2      +15.7          
06:24:23  394       +0.31     +0.03     -0.09     +1.2      +15.7          
06:24:41  395       -0.47     -0.03     -0.14     +1.2      +15.7          
06:24:59  396       -0.52     -0.07     +0.04     +1.2      +15.7          
06:25:17  397       +0.31     -0.10     -0.10     +1.2      +15.7          
06:25:36  398       -0.79     +0.02     -0.04     +1.2      +15.7          
06:25:54  399       +0.01     +0.09     -0.06     +1.2      +15.7          
06:26:13  400       +0.48     -0.07     +0.05     +1.2      +15.7          
06:26:46  401       -0.25     +0.17     +0.07     +1.3      +15.7          
06:27:19  402       -1.18     -0.15     +0.01     +1.2      +15.7          
06:27:51  403       -0.01     +0.14     -0.13     +1.3      +15.7          
06:28:23  404       +1.36     +0.02     -0.09     +1.2      +15.7          
06:28:55  405       -0.03     +0.07     -0.15     +1.3      +15.7          
06:29:28  406       -0.40     +0.02     -0.03     +1.3      +15.7          
06:30:00  407       -0.37     +0.05     -0.05     +1.3      +15.7          
06:30:33  408       +0.61     +0.15     +0.15     +1.2      +15.7          
06:31:05  409       -0.15     -0.03     -0.15     +1.2      +15.7          
06:31:38  410       -0.95     -0.06     -0.13     +1.2      +15.7          
06:32:10  411       +1.33     -0.03     +0.02     +1.3      +15.7          
06:32:42  412       +0.10     +0.26     -0.02     +1.3      +15.7          
06:33:14  413       +1.26     -0.13     +0.13     +1.2      +15.7          
06:33:47  414       +0.66     +0.26     -0.07     +1.3      +15.7          
06:34:20  415       +0.21     -0.19     -0.12     +1.3      +15.7          
06:34:52  416       -1.46     -0.02     -0.03     +1.2      +15.7          
06:35:26  417       -0.01     +0.15     +0.01     +1.3      +15.7          
06:35:58  418       +1.03     +0.08     -0.08     +1.3      +15.7          
06:36:31  419       -0.42     -0.08     -0.09     +1.2      +15.7          
06:37:06  420       -1.26     -0.09     +0.02     +1.2      +15.7          
06:37:39  421       +0.72     +0.15     +0.07     +1.3      +15.7          
06:38:11  422       -0.41     +0.03     +0.00     +1.3      +15.7          
06:38:43  423       -1.47     +0.14     +0.05     +1.3      +15.7          
06:39:16  424       +0.83     -0.02     -0.08     +1.3      +15.7          
06:39:48  425       +1.03     -0.27     +0.05     +1.3      +15.7          
06:40:20  426       +0.33     +0.14     -0.06     +1.2      +15.7          
06:40:53  427       +0.18     -0.05     -0.01     +1.2      +15.7          
06:41:25  428       -0.05     +0.06     +0.08     +1.2      +15.7          
06:41:58  429       -0.62     +0.14     -0.09     +1.3      +15.7          
06:42:30  430       -0.85     +0.02     -0.06     +1.2      +15.7          
06:43:02  431       -0.39     +0.00     +0.04     +1.3      +15.7          
06:43:35  432       -0.09     +0.12     -0.01     +1.2      +15.7          
06:44:07  433       -0.10     -0.11     -0.04     +1.2      +15.7          
06:44:39  434       +1.45     +0.26     -0.09     +1.2      +15.7          
06:45:12  435       +0.06     -0.25     +0.06     +1.2      +15.7          
06:45:44  436       +0.61     -0.07     +0.07     +1.2      +15.7          
06:46:17  437       -0.25     -0.01     -0.11     +1.2      +15.7          
06:46:50  438       +0.61     -0.06     -0.10     +1.2      +15.7          
06:47:22  439       -1.82     +0.16     +0.07     +1.2      +15.7          
06:47:54  440       -0.30     +0.01     +0.08     +1.2      +15.7          
06:48:26  441       +0.31     -0.19     -0.11     +1.2      +15.7          
06:48:59  442       +0.68     +0.15     +0.03     +1.2      +15.7          
06:49:31  443       -0.98     +0.06     +0.01     +1.2      +15.7          
06:50:13  444       +1.26     -0.16     -0.02     +1.2      +15.7          
06:50:55  445       +1.94     +0.12     -0.00     +2.0      +15.8          
07:00:52  447       +29.50    +0.64     +0.18     +1.6      +15.8          
07:01:01  448       +2.40     -0.21     +0.54     +1.5      +15.8          
07:01:09  449       -4.67     +0.82     -0.99     +1.6      +15.8          
07:01:18  450       -13.35    +0.12     +0.65     +1.4      +15.8          
07:01:26  451       -15.89    +1.60     +1.18     +1.2      +15.8          
07:01:35  452       +18.67    -0.61     +0.57     +1.5      +15.8          
07:01:43  453       -44.06    +1.03     -0.14     +1.6      +15.8          
07:01:51  454       +7.02     +0.91     -0.45     +1.7      +15.8          
07:01:59  455       -43.92    +0.01     +1.22     +1.7      +15.8          
07:02:07  456       +4.89     +0.37     +0.31     +1.6      +15.8          
07:02:16  457       +2.62     +0.67     +0.38     +1.7      +15.8          
07:02:24  458       -13.66    +0.46     -0.13     +1.6      +15.8          
07:02:33  459       +39.81    -0.01     -0.68     +1.2      +15.8          
07:02:41  460       +44.65    +0.55     -1.55     +1.5      +15.8          
07:02:49  461       +43.47    +0.11     -0.43     +1.5      +15.8          
07:02:57  462       -26.95    +1.34     -2.02     +1.4      +15.8          
07:03:05  463       +0.00     +3.41     -5.58     +0.0      +15.8          
07:03:13  464       +65.94    -0.06     +0.24     +1.4      +15.8          
07:03:29  465       +36.07    -0.05     +0.02     +1.3      +15.8          
07:03:52  467       +14.10    -0.02     +0.02     +1.3      +5.8           
07:04:08  468       -53.97    +5.03     -3.81     +1.3      +5.8           
07:04:24  469       -26.50    -1.35     +0.76     +1.6      +5.8           
07:04:39  470       -33.11    -1.67     +2.35     +1.3      +5.8           
07:04:55  471       +44.84    -2.10     +1.51     +1.2      +5.8           
07:05:10  472       +44.42    -0.86     +0.46     +1.4      +5.8           
07:05:26  473       +18.57    -0.24     +0.27     +1.4      +5.8           
07:05:49  475       +6.29     -0.12     +0.15     +1.3      +3.8           
07:06:05  476       +2.08     +0.09     +0.05     +1.7      +3.8           
07:06:20  477       -2.49     +0.03     +0.12     +1.4      +3.8           
07:06:36  478       -1.01     -0.04     +0.14     +1.4      +3.8           
07:06:54  479       +0.18     +0.20     -0.00     +1.4      +3.8           
07:07:11  480       -0.04     +0.02     +0.10     +1.5      +3.8           
07:07:29  481       +0.56     +0.00     -0.16     +1.4      +3.8           
07:07:47  482       +0.91     +0.10     -0.03     +1.5      +3.8           
07:08:14  483       -0.33     +0.10     +0.04     +1.5      +3.8           
07:08:38  484       -0.69     +0.31     +0.07     +1.4      +3.6           
07:09:06  485       -0.83     +0.16     +0.07     +1.3      +3.5           
07:09:33  486       +0.00     +0.11     -0.13     +1.5      +3.4           
07:10:01  487       +0.65     -0.22     -0.03     +1.5      +3.2           
07:10:28  488       +0.10     -0.11     -0.25     +1.3      +3.1           
07:10:55  489       -0.70     +0.12     -0.14     +1.3      +3.0           
07:11:24  490       -0.02     -0.06     -0.09     +1.4      +2.9           
07:11:50  491       +0.57     +0.14     -0.08     +1.4      +2.8           
07:12:24  492       +0.14     +0.15     +0.07     +1.4      +2.8           
07:12:56  493       -0.48     +0.05     +0.08     +1.3      +2.7           
07:13:19  494       +0.24     +0.02     +0.20     +1.3      +2.7           
07:13:46  495       +0.97     -0.04     -0.47     +1.4      +2.8           
07:14:13  496       +1.18     +0.14     -0.12     +1.3      +2.9           
07:14:40  497       +0.41     -0.08     -0.11     +1.3      +3.0           
07:15:07  498       -0.47     -0.01     -0.05     +1.3      +3.1           
07:15:34  499       -0.95     +0.23     +0.05     +1.3      +3.2           
07:16:01  500       +0.69     +0.03     -0.11     +1.3      +3.3           
07:16:29  501       +0.73     +0.13     +0.22     +1.2      +3.4           
07:16:56  502       +2.75     +0.14     -0.09     +1.3      +3.4           
07:17:24  503       +1.93     -0.05     +0.01     +1.3      +3.4           
07:17:51  504       +1.22     +0.10     -0.05     +1.3      +3.4           
07:18:24  505       -1.26     -0.03     +0.01     +1.3      +3.4           
07:18:57  506       -0.36     +0.16     -0.27     +1.4      +3.4           
07:19:24  507       -0.99     -0.05     +0.32     +1.4      +3.4           
07:19:51  508       +0.24     -0.04     -0.14     +1.4      +3.4           
07:20:24  509       -1.12     -0.07     +0.08     +1.4      +3.4           
07:20:57  510       -0.95     +0.10     +0.03     +1.4      +3.5           
07:21:24  511       -0.58     -0.00     -0.09     +1.4      +3.5           
07:21:51  512       +0.20     -0.05     +0.05     +1.4      +3.5           
07:22:24  513       -1.63     -0.02     -0.11     +1.4      +3.5           
07:22:54  514       -0.81     -0.12     +0.07     +1.4      +3.5           
07:23:24  515       -0.77     -0.00     +0.16     +1.4      +3.4           
07:24:00  516       -1.11     -0.03     -0.13     +1.5      +3.4           
07:24:26  517       +0.53     +0.03     +0.12     +1.4      +3.4           
07:24:53  518       +1.10     +0.00     +0.13     +1.3      +3.4           
07:25:24  519       -0.24     +0.04     +0.19     +1.3      +3.4           
07:25:57  520       -0.60     -0.06     +0.06     +1.3      +3.5           
07:26:24  521       +2.03     +0.02     -0.10     +1.3      +3.5           
07:26:51  522       +1.25     -0.17     -0.24     +1.3      +3.5           
07:27:24  523       -1.01     +0.01     +0.22     +1.3      +3.5           
07:27:58  524       -0.04     -0.10     +0.05     +1.4      +3.6           
07:28:25  525       -1.75     +0.03     -0.10     +1.3      +3.6           
07:28:52  526       -0.82     +0.04     +0.16     +1.4      +3.6           
07:29:21  527       +1.92     -0.15     -0.24     +1.4      +3.5           
07:29:48  528       -1.48     +0.13     +0.12     +1.3      +3.5           
07:30:14  529       -0.34     -0.24     +0.13     +1.4      +3.5           
07:30:41  530       -0.57     +0.04     +0.00     +1.4      +3.4           
07:31:08  531       +1.46     -0.12     -0.06     +1.3      +3.4           
07:31:33  532       +0.65     -0.06     +0.06     +1.3      +3.4           
07:31:59  533       +0.54     -0.05     +0.04     +1.4      +3.5           
07:32:26  534       +1.19     -0.12     -0.05     +1.3      +3.6           
07:32:54  535       -0.95     +0.09     +0.26     +1.3      +3.6           
07:33:21  536       -0.22     -0.09     +0.13     +1.4      +3.7           
07:33:48  537       +0.12     +0.00     -0.10     +1.3      +3.8           
07:34:24  538       -1.63     +0.03     -0.01     +1.3      +3.9           
07:34:54  539       +0.68     -0.22     -0.03     +1.3      +4.0           
07:35:24  540       -0.03     -0.07     -0.00     +1.3      +4.1           
07:35:51  541       -0.45     -0.03     +0.01     +1.3      +4.2           
07:36:23  542       -0.05     -0.07     +0.21     +1.3      +4.3           
07:36:57  543       -0.15     +0.21     +0.12     +1.3      +4.4           
07:37:24  544       +1.04     -0.14     +0.12     +1.4      +4.5           
07:37:51  545       +0.46     -0.05     -0.14     +1.4      +4.6           
07:38:24  546       -1.08     -0.06     +0.01     +1.3      +4.5           
07:38:51  547       +1.91     -0.28     -0.05     +1.3      +4.4           
07:39:24  548       -0.88     -0.04     +0.13     +1.2      +4.3           
07:39:57  549       +0.10     +0.03     +0.13     +1.2      +4.1           
07:40:24  550       -0.63     -0.05     -0.06     +1.2      +4.0           
07:40:51  551       +0.66     -0.07     +0.19     +1.2      +3.9           
07:54:57  553       -12.25    +2.48     -0.36     +1.3      +3.8           
07:55:05  554       +0.00     +5.33     -0.97     +0.0      +3.8           
07:55:13  555       +117.46   -0.09     -0.85     +1.3      +3.8           
07:55:28  556       +117.08   -0.04     +0.15     +1.3      +3.8           
07:55:44  557       +55.00    -0.17     -0.07     +1.3      +3.8           
07:56:00  558       +21.15    -0.11     -0.09     +1.3      +3.8           
07:56:23  560       +7.27     -0.04     +0.13     +1.3      +13.8          
07:56:39  561       -10.55    +3.92     +4.20     +1.3      +13.8          
07:56:54  562       +18.66    -1.00     -2.01     +1.8      +13.8          
07:57:10  563       +15.74    -1.94     -2.75     +1.8      +13.8          
07:57:25  564       -13.97    -2.01     -2.30     +1.1      +13.8          
07:57:41  565       -15.75    -1.06     -0.84     +1.4      +13.8          
07:58:05  567       -7.47     -0.12     +0.28     +1.2      +23.8          
07:58:21  568       -8.42     -1.11     +0.54     +0.0      +23.8          
07:58:36  569       -4.01     -0.49     +0.70     +1.4      +23.8          
07:58:52  570       -4.40     +0.15     +0.51     +1.2      +23.8          
07:59:15  572       -3.81     +0.27     +0.43     +1.3      +26.8          
07:59:30  573       -3.02     +0.59     +0.09     +1.2      +26.8          
08:00:01  574       -2.09     -1.44     +2.10     +1.3      +26.8          
08:00:25  575       -3.02     -0.20     +0.67     +1.2      +26.8          
08:00:49  576       -4.03     -0.17     +0.12     +1.3      +26.8          
08:01:32  577       -1.50     +0.13     -0.05     +1.3      +26.8          
08:02:13  578       -0.59     -0.10     +0.03     +1.4      +26.8          
08:02:56  579       -0.49     -0.07     -0.06     +1.4      +26.8          
08:03:37  580       +0.52     +0.03     -0.08     +1.2      +26.8          
08:04:27  581       -0.15     +0.03     -0.04     +1.3      +26.8          
08:05:08  582       -0.11     +0.03     +0.00     +1.4      +26.9          
08:05:50  583       +0.32     +0.04     -0.03     +1.4      +27.0          
08:06:33  584       +1.55     -0.15     +0.22     +1.5      +27.2          
08:07:15  585       +1.46     -0.06     -0.01     +1.2      +27.4          
08:07:55  586       +1.51     -0.05     +0.03     +1.3      +27.4          
08:08:36  587       +1.36     +0.08     -0.13     +1.2      +27.5          
08:09:28  588       -0.12     -0.13     -0.05     +1.3      +27.5          
08:10:10  589       +0.46     +0.03     -0.10     +1.3      +27.5          
08:10:52  590       -1.16     +0.15     +0.05     +1.3      +27.5          
08:11:34  591       -1.22     +0.15     +0.10     +1.3      +27.5          
08:12:26  592       +0.05     +0.06     -0.03     +1.2      +27.5          
08:13:09  593       -0.65     +0.13     -0.01     +1.3      +27.4          
08:13:54  594       +0.06     +0.02     -0.23     +1.5      +27.4          
08:14:36  595       +0.78     +0.06     +0.03     +1.4      +27.3          
08:15:24  596       +0.37     +0.18     -0.23     +1.4      +27.1          
08:16:06  597       -0.97     +0.15     -0.03     +1.4      +26.9          
08:16:55  598       +0.33     -0.17     -0.13     +1.3      +26.8          
08:17:36  599       +0.10     +0.16     -0.10     +1.3      +26.7          
08:18:25  600       -0.43     +0.01     +0.04     +1.4      +26.6          
08:19:05  601       -0.28     -0.16     +0.07     +1.5      +26.5          
08:19:54  602       -0.05     +0.06     +0.01     +1.4      +26.5          
08:20:37  603       -0.50     +0.21     +0.04     +1.3      +26.5          
08:21:26  604       -1.67     +0.04     -0.28     +1.4      +26.6          
08:22:08  605       +0.66     -0.04     -0.01     +1.4      +26.6          
08:22:55  606       +0.42     +0.11     -0.08     +1.4      +26.8          
08:23:30  607       +0.29     -0.18     -0.05     +1.4      +26.9          
08:24:15  608       -0.81     +0.14     +0.00     +1.3      +27.1          
08:24:56  609       +0.54     +0.08     -0.02     +1.3      +27.3          
08:25:37  610       +0.29     +0.03     -0.17     +1.4      +27.3          
08:26:19  611       +0.17     +0.11     +0.06     +1.2      +27.2          
08:26:59  612       -0.55     +0.18     +0.02     +1.3      +27.1          
08:27:41  613       +0.83     -0.03     -0.04     +1.3      +26.9          
08:28:26  614       +0.12     +0.03     -0.14     +1.3      +26.7          
08:29:09  615       -0.63     +0.18     +0.02     +1.3      +26.6          
08:29:52  616       +0.89     +0.07     -0.12     +1.3      +26.4          
08:30:35  617       -0.48     +0.01     -0.10     +1.3      +26.3          
08:31:25  618       -0.05     -0.03     -0.05     +1.3      +26.3          
08:32:06  619       +0.57     +0.34     -0.18     +1.2      +26.3          
08:32:55  620       -0.21     +0.07     -0.07     +1.3      +26.3          
08:33:36  621       +0.64     +0.02     +0.10     +1.3      +26.3          
08:34:24  622       -0.26     -0.02     -0.06     +1.2      +26.4          
08:35:06  623       -0.29     -0.09     -0.19     +1.2      +26.5          
08:35:52  624       -0.83     +0.05     -0.03     +1.2      +26.5          
08:36:33  625       +0.03     +0.05     -0.09     +1.3      +26.6          
08:37:15  626       +1.27     -0.05     -0.13     +1.3      +26.7          
08:37:57  627       -0.01     +0.17     -0.01     +1.2      +26.7          
08:38:37  628       -1.13     +0.00     +0.02     +1.2      +26.8          
08:39:25  629       +0.56     +0.05     -0.07     +1.3      +26.7          
08:40:08  630       -0.19     +0.01     +0.06     +1.3      +26.6          
08:40:46  631       +0.06     +0.26     +0.04     +1.3      +26.5          
08:41:25  632       +0.85     +0.05     -0.06     +1.3      +26.4          
08:42:07  633       -0.60     -0.04     -0.04     +1.4      +26.3          
08:42:54  634       -0.09     +0.01     +0.03     +1.3      +26.2          
08:43:37  635       -0.11     +0.01     -0.06     +1.3      +26.1          
08:44:19  636       -0.00     +0.13     -0.03     +1.2      +26.1          
08:45:01  637       +0.11     +0.12     -0.20     +1.3      +26.0          
08:45:45  638       +0.28     +0.07     +0.03     +1.3      +26.0          
08:46:29  639       +0.51     +0.13     -0.26     +1.3      +25.9          
08:47:09  640       +0.48     -0.00     -0.01     +1.3      +25.8          
08:47:54  641       +0.35     +0.12     -0.09     +1.3      +25.8          
08:48:34  642       -1.22     -0.09     +0.07     +1.3      +25.8          
08:49:24  643       -0.89     +0.12     +0.11     +1.4      +25.8          
08:50:04  644       +0.75     +0.27     -0.26     +1.2      +25.9          
08:50:45  645       +0.78     +0.02     -0.19     +1.3      +25.9          
08:51:33  646       -0.69     -0.05     -0.14     +1.2      +26.0          
08:52:14  647       +0.09     +0.06     -0.03     +1.2      +26.1          
08:52:56  648       +0.57     -0.21     -0.27     +1.4      +26.2          
08:53:38  649       +0.47     +0.19     +0.02     +1.2      +26.2          
08:54:27  650       -0.60     +0.06     -0.05     +1.3      +26.2          
08:55:08  651       -1.40     +0.24     +0.00     +1.2      +26.1          
08:55:54  652       +0.86     +0.22     +0.01     +1.2      +26.1          
08:56:33  653       -0.38     +0.07     -0.07     +1.2      +26.0          
08:57:15  654       -0.67     +0.14     -0.03     +1.2      +25.9          
08:57:57  655       -1.01     +0.17     -0.12     +1.2      +25.8          
08:58:35  656       -0.21     -0.10     -0.07     +1.2      +25.7          
08:59:15  657       -0.85     +0.04     -0.16     +1.3      +25.7          
08:59:56  658       +0.46     +0.10     -0.03     +1.3      +25.8          
09:00:35  659       -0.55     +0.00     -0.13     +1.3      +25.8          
09:01:25  660       -1.78     -0.07     -0.03     +1.3      +25.9          
09:02:05  661       +0.80     +0.03     -0.06     +1.3      +25.8          
09:02:54  662       +0.68     +0.02     +0.01     +1.3      +25.8          
09:03:36  663       +0.12     +0.09     -0.02     +1.4      +25.8          
09:04:24  664       -0.77     +0.04     -0.17     +1.3      +25.7          
09:05:06  665       +0.19     +0.16     +0.00     +1.2      +25.5          
09:05:56  666       +1.31     +0.25     -0.02     +1.3      +25.4          
09:06:37  667       +0.22     +0.05     -0.05     +1.4      +25.4          
09:07:25  668       -0.25     -0.03     -0.09     +1.2      +25.4          
09:08:06  669       +0.48     +0.12     -0.24     +1.2      +25.4          
09:08:54  670       +3.68     +0.10     +0.08     +2.3      +25.4          
09:23:43  672       +22.16    +0.83     -1.38     +1.5      +25.4          
09:23:51  673       +0.00     +8.03     -7.88     +0.0      +25.4          
09:23:59  674       +111.37   -0.35     +0.97     +1.4      +25.4          
09:24:15  675       +113.70   +0.20     -0.20     +1.2      +25.4          
09:24:30  676       +56.72    +0.32     +0.01     +1.3      +25.4          
09:24:46  677       +24.46    -0.24     -0.02     +1.2      +25.4          
09:25:01  678       +12.25    -0.19     +0.01     +1.3      +25.4          
09:25:18  679       +5.40     -0.07     -0.04     +1.3      +25.4          
09:25:59  680       +6.04     +0.06     +0.01     +1.3      +25.4          
09:26:40  681       +2.11     +0.24     +0.26     +1.5      +25.4          
09:27:28  682       +1.69     -0.14     -0.19     +1.3      +25.4          
09:28:10  683       +0.23     -0.03     +0.05     +1.3      +25.4          
09:28:54  684       -0.74     -0.16     -0.18     +1.5      +25.3          
09:29:36  685       -1.29     +0.12     +0.03     +1.4      +25.3          
09:30:24  686       -0.38     -0.14     -0.09     +1.3      +25.2          
09:31:06  687       -0.15     +0.22     +0.11     +1.3      +25.1          
09:31:54  688       -0.38     -0.03     +0.06     +1.2      +24.9          
09:32:36  689       -0.68     +0.05     +0.03     +1.3      +24.9          
09:33:20  690       +0.35     +0.16     -0.11     +1.3      +24.8          
09:34:00  691       -0.37     -0.03     -0.11     +1.3      +24.8          
09:34:42  692       +0.10     -0.05     -0.02     +1.4      +24.8          
09:35:29  693       +0.12     +0.15     -0.05     +1.3      +24.8          
09:36:11  694       -1.31     +0.23     +0.05     +1.3      +24.8          
09:36:54  695       -0.21     -0.15     -0.05     +1.4      +24.8          
09:37:37  696       +0.56     +0.04     -0.13     +1.4      +24.7          
09:38:25  697       +0.02     -0.01     +0.03     +1.4      +24.7          
09:39:07  698       +0.05     +0.02     -0.03     +1.4      +24.7          
09:39:55  699       -0.51     -0.08     -0.14     +1.4      +24.7          
09:40:36  700       +0.45     -0.00     -0.05     +1.4      +24.7          
09:41:26  701       +0.05     +0.13     -0.18     +1.3      +24.7          
09:42:08  702       +0.29     +0.14     +0.00     +1.3      +24.7          
09:42:55  703       -0.57     +0.12     -0.02     +1.2      +24.7          
09:43:38  704       -0.47     +0.18     -0.06     +1.3      +24.7          
09:44:28  705       +0.49     +0.11     +0.01     +1.3      +24.6          
09:45:11  706       -0.14     +0.14     -0.08     +1.3      +24.6          
09:45:56  707       -1.11     +0.07     -0.04     +1.3      +24.6          
09:46:36  708       +0.40     -0.07     -0.11     +1.3      +24.5          
09:47:27  709       +0.78     +0.16     -0.19     +1.3      +24.4          
09:48:09  710       -0.68     +0.08     -0.08     +1.3      +24.3          
09:48:55  711       +0.97     +0.04     -0.19     +1.3      +24.2          
09:49:37  712       -0.32     -0.00     +0.03     +1.3      +24.2          
09:50:25  713       +0.43     +0.23     -0.15     +1.2      +24.2          
09:51:07  714       -0.01     -0.09     -0.23     +1.5      +24.2          
09:51:54  715       +0.17     -0.00     -0.07     +1.2      +24.2          
09:52:37  716       +0.49     +0.24     +0.07     +1.3      +24.2          
09:53:24  717       -0.64     +0.17     +0.06     +1.3      +24.2          
09:54:06  718       -0.58     +0.07     -0.15     +1.4      +24.2          
09:54:55  719       +0.28     +0.05     -0.08     +1.3      +24.2          
09:55:37  720       +0.67     +0.32     +0.06     +1.2      +24.2          
09:56:26  721       -0.43     +0.18     -0.25     +1.3      +24.2          
09:57:07  722       -0.26     -0.18     -0.06     +1.2      +24.2          
09:57:56  723       +0.90     +0.29     -0.26     +1.2      +24.2          
09:58:37  724       -0.95     +0.16     -0.04     +1.3      +24.2          
09:59:26  725       -1.01     -0.19     -0.20     +1.3      +24.2          
10:00:09  726       +1.14     +0.17     -0.01     +1.2      +24.2          
10:00:56  727       -0.71     +0.13     -0.02     +1.3      +24.2          
10:01:38  728       -0.56     -0.02     -0.01     +1.3      +24.2          
10:02:27  729       -0.34     +0.19     -0.10     +1.2      +24.1          
10:03:11  730       +0.62     +0.16     +0.02     +1.2      +24.0          
10:03:55  731       +0.37     +0.09     -0.15     +1.2      +23.9          
10:04:38  732       -0.18     -0.38     -0.29     +1.3      +23.8          
10:05:24  733       -0.08     +0.15     -0.01     +1.2      +23.7          
10:06:05  734       +0.65     +0.08     -0.01     +1.2      +23.7          
10:06:54  735       +0.58     +0.03     -0.11     +1.2      +23.7          
10:07:35  736       +0.03     +0.05     -0.11     +1.2      +23.7          
10:08:24  737       -0.33     +0.28     -0.03     +1.4      +23.7          
10:09:05  738       +0.18     +0.17     -0.08     +1.2      +23.8          
10:09:54  739       -0.66     -0.00     -0.09     +1.2      +23.8          
10:10:35  740       +0.25     +0.21     -0.03     +1.3      +23.8          
10:11:24  741       +0.94     +0.15     -0.11     +1.2      +23.8          
10:12:02  742       -0.58     -0.05     -0.00     +1.2      +23.7          
10:12:43  743       +0.19     +0.09     -0.08     +1.3      +23.7          
10:13:31  744       -0.55     +0.08     -0.01     +1.3      +23.6          
10:14:12  745       +0.53     +0.15     -0.07     +1.2      +23.6          
10:14:54  746       -0.09     -0.03     +0.01     +1.3      +23.5          
10:15:35  747       +0.01     +0.15     -0.16     +1.1      +23.5          
10:16:25  748       -0.69     -0.06     -0.28     +1.2      +23.5          
10:17:06  749       -0.33     +0.29     +0.01     +1.2      +23.5          
10:17:55  750       -0.26     +0.22     -0.08     +1.2      +23.5          
10:18:39  751       +0.49     -0.00     -0.11     +1.2      +23.5          
10:19:25  752       -0.03     -0.12     -0.15     +1.2      +23.5          
10:20:07  753       +0.82     +0.04     -0.07     +1.2      +23.5          
10:20:49  754       +0.28     +0.13     -0.18     +1.2      +23.5          
10:21:32  755       -0.32     +0.13     +0.05     +1.2      +23.5          
10:22:14  756       -0.48     +0.10     -0.05     +1.2      +23.5          
10:22:55  757       -0.37     +0.12     +0.07     +1.2      +23.5          
10:23:33  758       +0.35     +0.03     -0.08     +1.2      +23.5          
10:24:15  759       -0.00     +0.07     -0.08     +1.2      +23.4          
10:24:56  760       +0.57     -0.05     -0.09     +1.2      +23.4          
10:25:38  761       +0.15     +0.42     +0.01     +1.2      +23.3          
10:26:27  762       -0.23     +0.02     -0.22     +1.3      +23.3          
10:27:09  763       +0.03     +0.04     -0.01     +1.2      +23.2          
10:27:55  764       +0.48     +0.04     +0.02     +1.2      +23.2          
10:28:35  765       -0.01     +0.16     -0.19     +1.3      +23.2          
10:29:21  766       -0.13     +0.03     -0.17     +1.2      +23.2          
10:30:03  767       -0.47     -0.01     -0.01     +1.2      +23.2          
10:30:45  768       -0.25     +0.13     -0.20     +1.2      +23.1          
10:31:33  769       -0.02     +0.25     +0.09     +1.2      +23.1          
10:32:14  770       -0.15     -0.03     -0.16     +1.3      +23.0          
10:32:55  771       -0.28     +0.11     -0.03     +1.3      +22.9          
10:47:09  774       -18.80    +2.47     -0.67     +1.5      +22.8          
10:47:16  775       -19.11    +1.83     +0.00     +0.8      +22.8          
10:47:24  776       +0.00     +5.64     +0.58     +0.0      +22.8          
10:47:32  777       +113.51   +1.11     -1.00     +1.5      +22.8          
10:47:48  778       +55.68    +0.56     -0.31     +1.5      +22.8          
10:48:04  779       +25.56    +0.32     -0.09     +1.5      +22.8          
10:48:27  781       +9.95     +0.09     +0.08     +1.5      +17.8          
10:48:43  782       +1.70     +0.98     +0.52     +1.7      +17.8          
10:48:59  783       -1.58     +0.33     +0.51     +1.5      +17.8          
10:49:14  784       -4.23     +0.18     +0.36     +1.4      +17.8          
10:49:39  785       -5.45     -0.33     -0.30     +1.4      +17.8          
10:50:04  786       -5.88     -0.03     +0.20     +1.5      +17.8          
10:50:45  787       -1.87     +0.12     +0.05     +1.6      +17.8          
10:51:28  788       -2.12     +0.14     +0.04     +1.5      +17.8          
10:52:09  789       -0.34     -0.05     -0.07     +1.2      +17.8          
10:52:52  790       +0.42     +0.06     -0.14     +1.4      +17.9          
10:53:33  791       +0.35     -0.14     +0.11     +1.4      +17.9          
10:54:16  792       +1.72     +0.08     -0.17     +1.3      +18.0          
10:54:58  793       +0.62     -0.10     -0.08     +1.3      +18.1          
10:55:39  794       +0.28     +0.05     -0.08     +1.3      +18.2          
10:56:27  795       +0.41     -0.05     +0.00     +1.2      +18.2          
10:57:09  796       +0.30     +0.02     +0.19     +1.2      +18.2          
10:57:55  797       +0.14     -0.01     -0.02     +1.1      +18.1          
10:58:38  798       +0.21     +0.05     -0.11     +1.2      +18.0          
10:59:25  799       +0.00     +0.08     +0.15     +1.1      +18.0          
11:00:09  800       +0.60     -0.08     +0.03     +1.1      +18.0          
11:00:55  801       -0.02     -0.06     -0.01     +1.1      +18.0          
11:01:36  802       +0.51     +0.02     -0.07     +1.1      +18.0          
11:02:26  803       +0.17     -0.10     -0.01     +1.2      +18.1          
11:03:07  804       -0.60     +0.02     +0.15     +1.2      +18.1          
11:03:55  805       -0.39     +0.05     -0.04     +1.1      +18.1          
11:04:38  806       +0.23     +0.02     +0.01     +1.2      +18.1          
11:05:21  807       +0.98     +0.07     -0.04     +1.1      +18.1          
11:06:03  808       -1.39     +0.12     -0.06     +1.1      +18.0          
11:06:44  809       +0.56     -0.02     -0.10     +1.1      +18.0          
11:07:35  810       -0.03     -0.02     +0.06     +1.2      +18.0          
11:08:25  811       +0.24     -0.04     +0.06     +1.1      +17.9          
11:09:07  812       -0.18     +0.10     -0.12     +1.1      +17.9          
11:09:50  813       +0.09     +0.09     -0.06     +1.1      +17.8          
11:10:32  814       +0.07     -0.07     -0.02     +1.1      +17.7          
11:11:14  815       -0.64     +0.02     +0.15     +1.0      +17.7          
11:11:56  816       -0.21     -0.09     -0.05     +1.1      +17.6          
11:12:39  817       -0.40     -0.01     +0.07     +1.1      +17.5          
11:13:28  818       +0.22     -0.02     -0.13     +1.1      +17.5          
11:14:09  819       -0.11     -0.00     +0.12     +1.2      +17.5          
11:14:54  820       -0.79     +0.08     -0.05     +1.1      +17.6          
11:15:35  821       +0.92     -0.10     -0.12     +1.1      +17.6          
11:16:24  822       +0.11     -0.04     +0.21     +1.2      +17.7          
11:17:07  823       -0.13     -0.05     +0.03     +1.2      +17.7          
11:17:55  824       +0.00     -0.10     +0.08     +1.1      +17.7          
11:18:36  825       +0.19     -0.17     +0.11     +1.1      +17.6          
11:19:24  826       +0.97     +0.19     -0.12     +1.2      +17.6          
11:20:06  827       -0.89     +0.00     +0.09     +1.1      +17.5          
11:20:55  828       -0.98     +0.04     +0.14     +1.1      +17.4          
11:21:36  829       +0.87     -0.14     +0.21     +1.1      +17.4          
11:22:24  830       +0.12     -0.23     +0.02     +1.1      +17.3          
11:23:05  831       -0.00     -0.05     -0.07     +1.1      +17.2          
11:23:54  832       +0.55     -0.02     -0.16     +1.1      +17.1          
11:24:37  833       +0.33     +0.01     -0.08     +1.1      +17.0          
11:25:25  834       +0.08     -0.03     +0.19     +1.1      +16.8          
11:26:08  835       -0.14     +0.01     +0.13     +1.2      +16.7          
11:26:50  836       +0.15     -0.12     +0.14     +1.1      +16.6          
11:27:31  837       -0.47     -0.00     +0.16     +1.1      +16.6          
11:28:12  838       -0.00     +0.14     -0.07     +1.1      +16.6          
11:28:53  839       +0.01     +0.15     -0.23     +1.1      +16.6          
11:29:34  840       -0.19     -0.28     +0.01     +1.2      +16.6          
11:30:15  841       -0.14     -0.12     +0.17     +1.2      +16.6          
11:30:56  842       +1.05     +0.01     +0.10     +1.2      +16.6          
11:31:37  843       -0.28     -0.11     -0.02     +1.3      +16.6          
11:32:20  844       +0.23     -0.01     +0.07     +1.3      +16.6          
11:33:02  845       -0.03     +0.10     +0.04     +1.2      +16.6          
11:33:44  846       +0.51     -0.15     +0.18     +1.4      +16.5          
11:34:31  847       -0.04     -0.00     +0.09     +1.3      +16.5          
11:35:14  848       -0.86     +0.07     +0.20     +1.5      +16.5          
11:35:56  849       +0.12     +0.07     -0.07     +1.4      +16.4          
11:36:37  850       -1.65     -0.05     -0.22     +1.4      +16.3          
11:37:24  851       -0.10     -0.08     -0.10     +1.4      +16.2          
11:38:05  852       +0.65     -0.14     -0.10     +1.2      +16.2          
11:38:54  853       +0.50     +0.01     +0.28     +1.2      +16.2          
11:39:35  854       +0.21     -0.01     +0.05     +1.3      +16.2          
11:40:24  855       -0.48     +0.10     -0.00     +1.2      +16.2          
11:41:06  856       +4.55     -0.12     +0.22     +2.2      +16.2          
