3.000000000000000000e+00
-1.000000000000000000e+00
-1.000000000000000000e+01
4.000000000000000000e+00
-1.000000000000000000e+00
-5.000000000000000000e+00
1.100000000000000000e+01
1.400000000000000000e+01
1.500000000000000000e+01
1.500000000000000000e+01
-8.000000000000000000e+00
-4.000000000000000000e+00
2.400000000000000000e+01
1.200000000000000000e+01
-7.000000000000000000e+00
3.000000000000000000e+01
1.500000000000000000e+01
1.300000000000000000e+01
1.600000000000000000e+01
1.200000000000000000e+01
2.800000000000000000e+01
1.500000000000000000e+01
1.600000000000000000e+01
1.470000000000000000e+02
8.960000000000000000e+02
2.568000000000000000e+03
1.914000000000000000e+03
2.730000000000000000e+02
7.000000000000000000e+01
5.700000000000000000e+01
3.100000000000000000e+02
1.861000000000000000e+03
2.758000000000000000e+03
1.069000000000000000e+03
8.000000000000000000e+01
3.100000000000000000e+01
8.800000000000000000e+01
7.040000000000000000e+02
2.441000000000000000e+03
2.076000000000000000e+03
3.690000000000000000e+02
3.100000000000000000e+01
5.200000000000000000e+01
1.790000000000000000e+02
1.242000000000000000e+03
2.543000000000000000e+03
1.356000000000000000e+03
1.110000000000000000e+02
3.800000000000000000e+01
8.600000000000000000e+01
7.150000000000000000e+02
2.485000000000000000e+03
2.177000000000000000e+03
3.530000000000000000e+02
2.700000000000000000e+01
3.700000000000000000e+01
9.600000000000000000e+01
6.920000000000000000e+02
2.131000000000000000e+03
1.716000000000000000e+03
2.450000000000000000e+02
2.100000000000000000e+01
5.000000000000000000e+01
3.030000000000000000e+02
1.780000000000000000e+03
2.548000000000000000e+03
9.140000000000000000e+02
7.900000000000000000e+01
5.200000000000000000e+01
8.000000000000000000e+01
5.510000000000000000e+02
2.300000000000000000e+03
2.116000000000000000e+03
4.290000000000000000e+02
3.900000000000000000e+01
5.100000000000000000e+01
2.150000000000000000e+02
1.543000000000000000e+03
2.837000000000000000e+03
1.508000000000000000e+03
1.240000000000000000e+02
4.500000000000000000e+01
7.000000000000000000e+01
4.010000000000000000e+02
1.902000000000000000e+03
2.196000000000000000e+03
5.900000000000000000e+02
7.400000000000000000e+01
4.600000000000000000e+01
1.550000000000000000e+02
1.076000000000000000e+03
2.706000000000000000e+03
1.777000000000000000e+03
1.960000000000000000e+02
1.200000000000000000e+01
6.700000000000000000e+01
3.250000000000000000e+02
1.957000000000000000e+03
2.840000000000000000e+03
1.063000000000000000e+03
9.300000000000000000e+01
4.600000000000000000e+01
9.000000000000000000e+01
5.560000000000000000e+02
1.876000000000000000e+03
1.818000000000000000e+03
3.110000000000000000e+02
5.700000000000000000e+01
4.300000000000000000e+01
1.960000000000000000e+02
1.187000000000000000e+03
2.433000000000000000e+03
1.335000000000000000e+03
1.170000000000000000e+02
4.600000000000000000e+01
9.200000000000000000e+01
4.300000000000000000e+02
1.932000000000000000e+03
2.309000000000000000e+03
5.910000000000000000e+02
6.900000000000000000e+01
2.600000000000000000e+01
1.670000000000000000e+02
1.041000000000000000e+03
2.321000000000000000e+03
1.681000000000000000e+03
2.090000000000000000e+02
4.500000000000000000e+01
2.000000000000000000e+01
2.500000000000000000e+02
1.503000000000000000e+03
2.395000000000000000e+03
9.610000000000000000e+02
6.700000000000000000e+01
3.600000000000000000e+01
1.110000000000000000e+02
5.470000000000000000e+02
1.766000000000000000e+03
1.571000000000000000e+03
2.730000000000000000e+02
5.600000000000000000e+01
3.800000000000000000e+01
1.620000000000000000e+02
1.314000000000000000e+03
2.440000000000000000e+03
1.074000000000000000e+03
8.900000000000000000e+01
2.200000000000000000e+01
7.200000000000000000e+01
4.420000000000000000e+02
2.145000000000000000e+03
2.238000000000000000e+03
5.450000000000000000e+02
5.500000000000000000e+01
2.600000000000000000e+01
1.310000000000000000e+02
9.840000000000000000e+02
2.477000000000000000e+03
1.687000000000000000e+03
1.800000000000000000e+02
4.800000000000000000e+01
4.700000000000000000e+01
3.820000000000000000e+02
1.851000000000000000e+03
2.265000000000000000e+03
6.310000000000000000e+02
7.900000000000000000e+01
4.300000000000000000e+01
1.100000000000000000e+02
6.140000000000000000e+02
2.131000000000000000e+03
1.748000000000000000e+03
2.490000000000000000e+02
1.200000000000000000e+01
5.100000000000000000e+01
1.420000000000000000e+02
1.314000000000000000e+03
2.362000000000000000e+03
1.244000000000000000e+03
1.190000000000000000e+02
3.500000000000000000e+01
4.800000000000000000e+01
3.560000000000000000e+02
1.906000000000000000e+03
2.327000000000000000e+03
6.190000000000000000e+02
4.900000000000000000e+01
3.200000000000000000e+01
1.280000000000000000e+02
8.240000000000000000e+02
2.304000000000000000e+03
1.629000000000000000e+03
2.610000000000000000e+02
1.900000000000000000e+01
1.900000000000000000e+01
1.290000000000000000e+02
1.232000000000000000e+03
2.505000000000000000e+03
1.343000000000000000e+03
1.540000000000000000e+02
4.400000000000000000e+01
7.900000000000000000e+01
6.200000000000000000e+02
2.229000000000000000e+03
1.967000000000000000e+03
3.940000000000000000e+02
4.100000000000000000e+01
3.400000000000000000e+01
1.500000000000000000e+02
1.206000000000000000e+03
2.345000000000000000e+03
1.298000000000000000e+03
1.330000000000000000e+02
4.700000000000000000e+01
3.200000000000000000e+01
2.800000000000000000e+02
1.773000000000000000e+03
2.319000000000000000e+03
7.480000000000000000e+02
8.000000000000000000e+01
4.200000000000000000e+01
3.900000000000000000e+01
1.870000000000000000e+02
1.286000000000000000e+03
2.540000000000000000e+03
1.449000000000000000e+03
1.460000000000000000e+02
1.800000000000000000e+01
6.200000000000000000e+01
3.770000000000000000e+02
2.000000000000000000e+03
2.436000000000000000e+03
7.880000000000000000e+02
6.300000000000000000e+01
5.100000000000000000e+01
1.330000000000000000e+02
9.110000000000000000e+02
2.607000000000000000e+03
1.983000000000000000e+03
3.080000000000000000e+02
2.200000000000000000e+01
6.900000000000000000e+01
2.520000000000000000e+02
1.783000000000000000e+03
2.747000000000000000e+03
1.114000000000000000e+03
1.090000000000000000e+02
3.700000000000000000e+01
1.100000000000000000e+02
5.700000000000000000e+02
2.277000000000000000e+03
2.327000000000000000e+03
5.250000000000000000e+02
5.700000000000000000e+01
6.000000000000000000e+01
1.890000000000000000e+02
1.133000000000000000e+03
2.517000000000000000e+03
1.575000000000000000e+03
1.910000000000000000e+02
4.700000000000000000e+01
8.300000000000000000e+01
4.310000000000000000e+02
2.051000000000000000e+03
2.752000000000000000e+03
9.260000000000000000e+02
9.200000000000000000e+01
6.200000000000000000e+01
1.040000000000000000e+02
8.470000000000000000e+02
2.556000000000000000e+03
2.062000000000000000e+03
3.770000000000000000e+02
3.400000000000000000e+01
6.100000000000000000e+01
2.070000000000000000e+02
1.338000000000000000e+03
2.611000000000000000e+03
1.474000000000000000e+03
1.620000000000000000e+02
5.800000000000000000e+01
1.170000000000000000e+02
5.700000000000000000e+02
2.304000000000000000e+03
2.586000000000000000e+03
6.660000000000000000e+02
6.000000000000000000e+01
5.300000000000000000e+01
1.420000000000000000e+02
1.058000000000000000e+03
2.644000000000000000e+03
1.906000000000000000e+03
3.020000000000000000e+02
6.700000000000000000e+01
6.400000000000000000e+01
3.050000000000000000e+02
1.807000000000000000e+03
2.865000000000000000e+03
1.209000000000000000e+03
1.460000000000000000e+02
7.400000000000000000e+01
1.260000000000000000e+02
6.500000000000000000e+02
2.316000000000000000e+03
2.274000000000000000e+03
5.130000000000000000e+02
6.500000000000000000e+01
6.500000000000000000e+01
1.600000000000000000e+02
1.262000000000000000e+03
2.567000000000000000e+03
1.492000000000000000e+03
1.960000000000000000e+02
2.400000000000000000e+01
8.400000000000000000e+01
4.110000000000000000e+02
1.954000000000000000e+03
2.625000000000000000e+03
9.100000000000000000e+02
1.170000000000000000e+02
4.000000000000000000e+01
1.520000000000000000e+02
8.000000000000000000e+02
2.260000000000000000e+03
1.765000000000000000e+03
3.050000000000000000e+02
5.500000000000000000e+01
7.200000000000000000e+01
2.450000000000000000e+02
1.379000000000000000e+03
2.517000000000000000e+03
1.243000000000000000e+03
1.330000000000000000e+02
4.100000000000000000e+01
9.100000000000000000e+01
5.610000000000000000e+02
2.080000000000000000e+03
2.200000000000000000e+03
5.490000000000000000e+02
6.800000000000000000e+01
5.600000000000000000e+01
1.750000000000000000e+02
1.135000000000000000e+03
2.612000000000000000e+03
1.964000000000000000e+03
2.630000000000000000e+02
4.500000000000000000e+01
4.200000000000000000e+01
2.310000000000000000e+02
1.387000000000000000e+03
2.150000000000000000e+03
9.200000000000000000e+02
1.270000000000000000e+02
4.400000000000000000e+01
1.230000000000000000e+02
7.160000000000000000e+02
2.298000000000000000e+03
2.086000000000000000e+03
4.980000000000000000e+02
7.800000000000000000e+01
5.900000000000000000e+01
2.010000000000000000e+02
1.543000000000000000e+03
2.951000000000000000e+03
1.614000000000000000e+03
2.250000000000000000e+02
6.600000000000000000e+01
8.500000000000000000e+01
4.200000000000000000e+02
2.148000000000000000e+03
2.471000000000000000e+03
8.180000000000000000e+02
1.200000000000000000e+02
3.300000000000000000e+01
1.380000000000000000e+02
1.009000000000000000e+03
2.667000000000000000e+03
2.083000000000000000e+03
3.670000000000000000e+02
6.300000000000000000e+01
7.500000000000000000e+01
2.510000000000000000e+02
1.821000000000000000e+03
2.910000000000000000e+03
1.321000000000000000e+03
1.500000000000000000e+02
4.400000000000000000e+01
8.700000000000000000e+01
6.660000000000000000e+02
2.354000000000000000e+03
2.441000000000000000e+03
6.600000000000000000e+02
6.700000000000000000e+01
6.600000000000000000e+01
1.580000000000000000e+02
1.148000000000000000e+03
2.622000000000000000e+03
1.726000000000000000e+03
2.500000000000000000e+02
4.100000000000000000e+01
6.900000000000000000e+01
3.090000000000000000e+02
1.926000000000000000e+03
2.579000000000000000e+03
9.660000000000000000e+02
8.800000000000000000e+01
6.200000000000000000e+01
2.030000000000000000e+02
1.261000000000000000e+03
2.426000000000000000e+03
1.339000000000000000e+03
2.020000000000000000e+02
3.600000000000000000e+01
5.600000000000000000e+01
2.310000000000000000e+02
1.394000000000000000e+03
2.564000000000000000e+03
1.380000000000000000e+03
1.870000000000000000e+02
2.500000000000000000e+01
4.200000000000000000e+01
1.380000000000000000e+02
1.009000000000000000e+03
2.518000000000000000e+03
1.551000000000000000e+03
2.160000000000000000e+02
5.000000000000000000e+01
5.500000000000000000e+01
2.450000000000000000e+02
1.457000000000000000e+03
2.088000000000000000e+03
7.840000000000000000e+02
9.600000000000000000e+01
1.800000000000000000e+01
1.040000000000000000e+02
6.720000000000000000e+02
2.376000000000000000e+03
2.173000000000000000e+03
5.610000000000000000e+02
6.700000000000000000e+01
6.000000000000000000e+01
1.610000000000000000e+02
1.139000000000000000e+03
1.963000000000000000e+03
1.040000000000000000e+03
1.250000000000000000e+02
5.000000000000000000e+01
7.900000000000000000e+01
3.790000000000000000e+02
1.790000000000000000e+03
2.056000000000000000e+03
6.520000000000000000e+02
1.010000000000000000e+02
3.800000000000000000e+01
1.000000000000000000e+02
7.880000000000000000e+02
2.096000000000000000e+03
1.764000000000000000e+03
3.250000000000000000e+02
5.100000000000000000e+01
7.500000000000000000e+01
2.240000000000000000e+02
1.551000000000000000e+03
2.640000000000000000e+03
1.229000000000000000e+03
1.410000000000000000e+02
3.900000000000000000e+01
1.020000000000000000e+02
4.960000000000000000e+02
2.075000000000000000e+03
2.437000000000000000e+03
6.850000000000000000e+02
7.800000000000000000e+01
5.600000000000000000e+01
1.340000000000000000e+02
9.720000000000000000e+02
2.434000000000000000e+03
1.703000000000000000e+03
2.920000000000000000e+02
3.400000000000000000e+01
5.800000000000000000e+01
2.430000000000000000e+02
1.412000000000000000e+03
2.292000000000000000e+03
9.530000000000000000e+02
1.020000000000000000e+02
3.800000000000000000e+01
7.100000000000000000e+01
6.440000000000000000e+02
2.074000000000000000e+03
1.956000000000000000e+03
7.700000000000000000e+02
6.400000000000000000e+01
5.900000000000000000e+01
1.330000000000000000e+02
9.860000000000000000e+02
2.036000000000000000e+03
1.175000000000000000e+03
1.640000000000000000e+02
3.800000000000000000e+01
5.400000000000000000e+01
3.120000000000000000e+02
1.715000000000000000e+03
2.236000000000000000e+03
8.450000000000000000e+02
8.000000000000000000e+01
4.700000000000000000e+01
9.700000000000000000e+01
7.770000000000000000e+02
2.463000000000000000e+03
2.104000000000000000e+03
5.020000000000000000e+02
4.900000000000000000e+01
9.200000000000000000e+01
2.040000000000000000e+02
1.398000000000000000e+03
8.781000000000000000e+03
1.449000000000000000e+03
2.090000000000000000e+02
6.500000000000000000e+01
9.000000000000000000e+01
4.540000000000000000e+02
1.864000000000000000e+03
2.054000000000000000e+03
6.320000000000000000e+02
9.200000000000000000e+01
3.100000000000000000e+01
1.320000000000000000e+02
1.016000000000000000e+03
2.707000000000000000e+03
2.083000000000000000e+03
3.920000000000000000e+02
5.500000000000000000e+01
8.000000000000000000e+01
2.430000000000000000e+02
1.613000000000000000e+03
2.650000000000000000e+03
1.190000000000000000e+03
1.860000000000000000e+02
1.800000000000000000e+01
9.500000000000000000e+01
6.000000000000000000e+02
2.208000000000000000e+03
2.255000000000000000e+03
5.990000000000000000e+02
4.100000000000000000e+01
5.000000000000000000e+01
1.250000000000000000e+02
1.109000000000000000e+03
2.439000000000000000e+03
1.721000000000000000e+03
2.710000000000000000e+02
5.400000000000000000e+01
8.000000000000000000e+01
3.450000000000000000e+02
1.887000000000000000e+03
2.645000000000000000e+03
9.960000000000000000e+02
1.380000000000000000e+02
6.800000000000000000e+01
1.200000000000000000e+02
7.860000000000000000e+02
2.609000000000000000e+03
2.292000000000000000e+03
5.010000000000000000e+02
8.700000000000000000e+01
3.700000000000000000e+01
1.780000000000000000e+02
1.283000000000000000e+03
2.531000000000000000e+03
1.330000000000000000e+03
1.830000000000000000e+02
5.300000000000000000e+01
6.400000000000000000e+01
3.850000000000000000e+02
1.814000000000000000e+03
2.152000000000000000e+03
8.300000000000000000e+02
8.200000000000000000e+01
7.000000000000000000e+01
1.090000000000000000e+02
9.380000000000000000e+02
2.558000000000000000e+03
2.170000000000000000e+03
4.410000000000000000e+02
5.000000000000000000e+01
6.500000000000000000e+01
2.520000000000000000e+02
1.696000000000000000e+03
2.984000000000000000e+03
1.505000000000000000e+03
1.890000000000000000e+02
4.900000000000000000e+01
4.600000000000000000e+01
5.340000000000000000e+02
2.245000000000000000e+03
2.573000000000000000e+03
8.330000000000000000e+02
8.300000000000000000e+01
5.600000000000000000e+01
1.330000000000000000e+02
1.166000000000000000e+03
2.619000000000000000e+03
1.786000000000000000e+03
2.690000000000000000e+02
3.600000000000000000e+01
7.700000000000000000e+01
2.800000000000000000e+02
1.559000000000000000e+03
3.407000000000000000e+03
1.983000000000000000e+03
2.010000000000000000e+02
5.500000000000000000e+01
8.700000000000000000e+01
9.180000000000000000e+02
3.041000000000000000e+03
2.789000000000000000e+03
8.640000000000000000e+02
9.000000000000000000e+01
3.800000000000000000e+01
3.200000000000000000e+01
2.900000000000000000e+01
6.600000000000000000e+01
4.710000000000000000e+02
2.214000000000000000e+03
2.655000000000000000e+03
8.890000000000000000e+02
9.000000000000000000e+01
2.200000000000000000e+01
4.100000000000000000e+01
5.630000000000000000e+02
2.231000000000000000e+03
2.297000000000000000e+03
6.890000000000000000e+02
6.300000000000000000e+01
5.100000000000000000e+01
1.390000000000000000e+02
1.150000000000000000e+03
2.736000000000000000e+03
1.885000000000000000e+03
3.200000000000000000e+02
5.000000000000000000e+01
5.200000000000000000e+01
2.820000000000000000e+02
1.740000000000000000e+03
2.679000000000000000e+03
1.122000000000000000e+03
1.790000000000000000e+02
6.000000000000000000e+01
8.600000000000000000e+01
7.930000000000000000e+02
2.473000000000000000e+03
2.285000000000000000e+03
5.070000000000000000e+02
6.100000000000000000e+01
3.900000000000000000e+01
1.480000000000000000e+02
1.287000000000000000e+03
2.736000000000000000e+03
1.687000000000000000e+03
2.810000000000000000e+02
5.500000000000000000e+01
4.500000000000000000e+01
3.780000000000000000e+02
1.834000000000000000e+03
2.462000000000000000e+03
1.020000000000000000e+03
1.090000000000000000e+02
4.500000000000000000e+01
1.060000000000000000e+02
9.110000000000000000e+02
2.459000000000000000e+03
1.905000000000000000e+03
3.490000000000000000e+02
5.400000000000000000e+01
5.900000000000000000e+01
1.550000000000000000e+02
1.241000000000000000e+03
2.516000000000000000e+03
1.504000000000000000e+03
2.860000000000000000e+02
5.400000000000000000e+01
9.200000000000000000e+01
6.040000000000000000e+02
2.051000000000000000e+03
2.190000000000000000e+03
6.420000000000000000e+02
9.600000000000000000e+01
3.400000000000000000e+01
7.300000000000000000e+01
8.050000000000000000e+02
2.095000000000000000e+03
1.740000000000000000e+03
4.290000000000000000e+02
5.300000000000000000e+01
8.000000000000000000e+01
5.110000000000000000e+02
1.864000000000000000e+03
2.175000000000000000e+03
7.050000000000000000e+02
5.700000000000000000e+01
4.600000000000000000e+01
1.020000000000000000e+02
8.500000000000000000e+02
2.581000000000000000e+03
1.948000000000000000e+03
4.470000000000000000e+02
7.000000000000000000e+01
5.100000000000000000e+01
9.800000000000000000e+01
8.310000000000000000e+02
2.389000000000000000e+03
2.004000000000000000e+03
5.240000000000000000e+02
7.600000000000000000e+01
4.000000000000000000e+01
2.110000000000000000e+02
1.475000000000000000e+03
2.436000000000000000e+03
1.208000000000000000e+03
2.080000000000000000e+02
6.900000000000000000e+01
8.600000000000000000e+01
6.460000000000000000e+02
2.214000000000000000e+03
2.210000000000000000e+03
6.590000000000000000e+02
1.030000000000000000e+02
5.500000000000000000e+01
1.400000000000000000e+02
1.305000000000000000e+03
2.493000000000000000e+03
1.595000000000000000e+03
2.780000000000000000e+02
5.700000000000000000e+01
4.800000000000000000e+01
3.030000000000000000e+02
1.748000000000000000e+03
2.552000000000000000e+03
1.143000000000000000e+03
1.740000000000000000e+02
3.300000000000000000e+01
8.500000000000000000e+01
6.850000000000000000e+02
2.182000000000000000e+03
2.082000000000000000e+03
6.110000000000000000e+02
8.200000000000000000e+01
5.400000000000000000e+01
1.740000000000000000e+02
1.293000000000000000e+03
2.521000000000000000e+03
1.566000000000000000e+03
3.110000000000000000e+02
4.000000000000000000e+01
4.100000000000000000e+01
4.150000000000000000e+02
1.927000000000000000e+03
2.608000000000000000e+03
1.115000000000000000e+03
1.610000000000000000e+02
5.400000000000000000e+01
5.700000000000000000e+01
8.670000000000000000e+02
2.298000000000000000e+03
2.067000000000000000e+03
5.940000000000000000e+02
1.090000000000000000e+02
5.100000000000000000e+01
2.180000000000000000e+02
1.476000000000000000e+03
2.726000000000000000e+03
1.538000000000000000e+03
2.980000000000000000e+02
6.300000000000000000e+01
2.900000000000000000e+01
4.400000000000000000e+02
1.971000000000000000e+03
2.435000000000000000e+03
1.024000000000000000e+03
1.390000000000000000e+02
5.100000000000000000e+01
8.000000000000000000e+01
9.700000000000000000e+02
2.558000000000000000e+03
2.150000000000000000e+03
5.310000000000000000e+02
5.000000000000000000e+01
5.900000000000000000e+01
1.570000000000000000e+02
1.423000000000000000e+03
2.652000000000000000e+03
1.530000000000000000e+03
3.030000000000000000e+02
5.500000000000000000e+01
1.020000000000000000e+02
6.220000000000000000e+02
2.358000000000000000e+03
2.561000000000000000e+03
9.720000000000000000e+02
1.490000000000000000e+02
5.000000000000000000e+01
1.170000000000000000e+02
1.105000000000000000e+03
2.654000000000000000e+03
2.043000000000000000e+03
4.820000000000000000e+02
6.200000000000000000e+01
5.000000000000000000e+01
3.170000000000000000e+02
1.734000000000000000e+03
2.509000000000000000e+03
1.081000000000000000e+03
1.530000000000000000e+02
4.100000000000000000e+01
5.600000000000000000e+01
7.060000000000000000e+02
2.235000000000000000e+03
2.133000000000000000e+03
5.950000000000000000e+02
5.400000000000000000e+01
3.000000000000000000e+01
2.700000000000000000e+01
1.680000000000000000e+02
1.496000000000000000e+03
2.665000000000000000e+03
1.508000000000000000e+03
2.270000000000000000e+02
5.000000000000000000e+01
4.600000000000000000e+01
3.520000000000000000e+02
2.008000000000000000e+03
2.635000000000000000e+03
9.650000000000000000e+02
1.060000000000000000e+02
1.000000000000000000e+01
5.800000000000000000e+01
8.640000000000000000e+02
2.748000000000000000e+03
2.374000000000000000e+03
5.070000000000000000e+02
6.200000000000000000e+01
4.700000000000000000e+01
1.460000000000000000e+02
1.604000000000000000e+03
3.020000000000000000e+03
1.553000000000000000e+03
2.180000000000000000e+02
3.100000000000000000e+01
3.100000000000000000e+01
4.320000000000000000e+02
2.241000000000000000e+03
2.647000000000000000e+03
9.610000000000000000e+02
9.900000000000000000e+01
4.100000000000000000e+01
1.090000000000000000e+02
1.195000000000000000e+03
2.902000000000000000e+03
1.952000000000000000e+03
3.400000000000000000e+02
7.400000000000000000e+01
4.200000000000000000e+01
1.920000000000000000e+02
1.604000000000000000e+03
2.731000000000000000e+03
1.341000000000000000e+03
2.040000000000000000e+02
4.300000000000000000e+01
4.800000000000000000e+01
4.180000000000000000e+02
2.294000000000000000e+03
2.785000000000000000e+03
9.460000000000000000e+02
8.800000000000000000e+01
2.700000000000000000e+01
7.900000000000000000e+01
1.038000000000000000e+03
2.744000000000000000e+03
1.996000000000000000e+03
3.720000000000000000e+02
5.400000000000000000e+01
2.100000000000000000e+01
2.290000000000000000e+02
1.981000000000000000e+03
2.979000000000000000e+03
1.356000000000000000e+03
1.580000000000000000e+02
4.200000000000000000e+01
6.000000000000000000e+01
5.860000000000000000e+02
2.622000000000000000e+03
2.860000000000000000e+03
8.520000000000000000e+02
8.000000000000000000e+01
4.600000000000000000e+01
8.800000000000000000e+01
1.283000000000000000e+03
2.755000000000000000e+03
1.760000000000000000e+03
2.840000000000000000e+02
3.900000000000000000e+01
2.600000000000000000e+01
1.920000000000000000e+02
1.825000000000000000e+03
3.043000000000000000e+03
1.356000000000000000e+03
1.690000000000000000e+02
3.400000000000000000e+01
6.800000000000000000e+01
7.290000000000000000e+02
2.472000000000000000e+03
2.356000000000000000e+03
6.520000000000000000e+02
4.800000000000000000e+01
5.000000000000000000e+01
1.390000000000000000e+02
1.353000000000000000e+03
2.825000000000000000e+03
1.756000000000000000e+03
3.310000000000000000e+02
4.400000000000000000e+01
4.900000000000000000e+01
3.870000000000000000e+02
2.189000000000000000e+03
2.875000000000000000e+03
1.093000000000000000e+03
1.590000000000000000e+02
4.200000000000000000e+01
6.900000000000000000e+01
9.420000000000000000e+02
2.813000000000000000e+03
2.245000000000000000e+03
5.140000000000000000e+02
7.200000000000000000e+01
4.600000000000000000e+01
1.250000000000000000e+02
1.319000000000000000e+03
3.074000000000000000e+03
1.596000000000000000e+03
3.050000000000000000e+02
4.300000000000000000e+01
5.800000000000000000e+01
3.430000000000000000e+02
2.080000000000000000e+03
2.698000000000000000e+03
9.440000000000000000e+02
1.270000000000000000e+02
5.000000000000000000e+01
5.800000000000000000e+01
7.390000000000000000e+02
2.339000000000000000e+03
2.070000000000000000e+03
5.250000000000000000e+02
5.600000000000000000e+01
2.200000000000000000e+01
1.520000000000000000e+02
1.293000000000000000e+03
2.490000000000000000e+03
1.488000000000000000e+03
2.420000000000000000e+02
5.500000000000000000e+01
7.800000000000000000e+01
5.860000000000000000e+02
2.438000000000000000e+03
2.423000000000000000e+03
6.730000000000000000e+02
7.400000000000000000e+01
4.000000000000000000e+01
8.600000000000000000e+01
9.640000000000000000e+02
2.521000000000000000e+03
2.007000000000000000e+03
4.470000000000000000e+02
7.100000000000000000e+01
4.300000000000000000e+01
1.940000000000000000e+02
1.583000000000000000e+03
2.796000000000000000e+03
1.449000000000000000e+03
2.040000000000000000e+02
3.800000000000000000e+01
3.500000000000000000e+01
5.820000000000000000e+02
2.328000000000000000e+03
2.553000000000000000e+03
8.140000000000000000e+02
9.500000000000000000e+01
2.900000000000000000e+01
9.700000000000000000e+01
1.136000000000000000e+03
2.942000000000000000e+03
2.032000000000000000e+03
3.750000000000000000e+02
4.600000000000000000e+01
2.700000000000000000e+01
2.610000000000000000e+02
1.870000000000000000e+03
2.949000000000000000e+03
1.330000000000000000e+03
1.970000000000000000e+02
3.100000000000000000e+01
5.200000000000000000e+01
4.510000000000000000e+02
1.995000000000000000e+03
2.298000000000000000e+03
7.740000000000000000e+02
7.700000000000000000e+01
4.000000000000000000e+01
1.030000000000000000e+02
1.149000000000000000e+03
2.795000000000000000e+03
2.052000000000000000e+03
4.060000000000000000e+02
2.700000000000000000e+01
2.300000000000000000e+01
2.220000000000000000e+02
1.772000000000000000e+03
2.897000000000000000e+03
1.342000000000000000e+03
1.920000000000000000e+02
3.300000000000000000e+01
2.800000000000000000e+01
1.400000000000000000e+01
2.130000000000000000e+02
1.677000000000000000e+03
2.622000000000000000e+03
1.296000000000000000e+03
2.400000000000000000e+02
6.100000000000000000e+01
1.110000000000000000e+02
9.020000000000000000e+02
2.462000000000000000e+03
1.981000000000000000e+03
4.530000000000000000e+02
4.500000000000000000e+01
5.000000000000000000e+01
2.250000000000000000e+02
1.701000000000000000e+03
2.726000000000000000e+03
1.352000000000000000e+03
2.100000000000000000e+02
2.700000000000000000e+01
3.100000000000000000e+01
5.400000000000000000e+02
2.150000000000000000e+03
2.476000000000000000e+03
8.280000000000000000e+02
1.160000000000000000e+02
2.000000000000000000e+01
9.300000000000000000e+01
9.660000000000000000e+02
2.421000000000000000e+03
1.836000000000000000e+03
4.350000000000000000e+02
4.800000000000000000e+01
6.100000000000000000e+01
2.120000000000000000e+02
1.642000000000000000e+03
2.829000000000000000e+03
1.411000000000000000e+03
1.930000000000000000e+02
3.900000000000000000e+01
5.200000000000000000e+01
6.430000000000000000e+02
2.195000000000000000e+03
2.351000000000000000e+03
7.520000000000000000e+02
1.140000000000000000e+02
4.400000000000000000e+01
1.150000000000000000e+02
1.259000000000000000e+03
2.914000000000000000e+03
2.002000000000000000e+03
4.520000000000000000e+02
6.000000000000000000e+01
3.100000000000000000e+01
3.310000000000000000e+02
2.086000000000000000e+03
2.894000000000000000e+03
1.304000000000000000e+03
2.020000000000000000e+02
4.900000000000000000e+01
7.800000000000000000e+01
8.140000000000000000e+02
2.625000000000000000e+03
2.455000000000000000e+03
6.750000000000000000e+02
1.220000000000000000e+02
3.000000000000000000e+01
1.270000000000000000e+02
1.249000000000000000e+03
2.652000000000000000e+03
1.690000000000000000e+03
3.680000000000000000e+02
6.900000000000000000e+01
4.800000000000000000e+01
3.550000000000000000e+02
1.999000000000000000e+03
2.707000000000000000e+03
1.081000000000000000e+03
1.660000000000000000e+02
4.300000000000000000e+01
7.300000000000000000e+01
6.940000000000000000e+02
2.356000000000000000e+03
2.196000000000000000e+03
6.340000000000000000e+02
1.000000000000000000e+02
4.600000000000000000e+01
9.700000000000000000e+01
1.154000000000000000e+03
2.351000000000000000e+03
1.520000000000000000e+03
2.930000000000000000e+02
6.600000000000000000e+01
3.700000000000000000e+01
3.330000000000000000e+02
1.961000000000000000e+03
2.649000000000000000e+03
1.028000000000000000e+03
1.540000000000000000e+02
4.000000000000000000e+01
5.400000000000000000e+01
6.770000000000000000e+02
2.105000000000000000e+03
1.811000000000000000e+03
4.690000000000000000e+02
7.100000000000000000e+01
3.200000000000000000e+01
1.440000000000000000e+02
1.269000000000000000e+03
2.199000000000000000e+03
1.348000000000000000e+03
2.650000000000000000e+02
5.100000000000000000e+01
3.100000000000000000e+01
3.420000000000000000e+02
1.681000000000000000e+03
2.135000000000000000e+03
8.300000000000000000e+02
1.470000000000000000e+02
3.100000000000000000e+01
7.400000000000000000e+01
8.130000000000000000e+02
2.102000000000000000e+03
1.748000000000000000e+03
4.310000000000000000e+02
7.000000000000000000e+01
2.900000000000000000e+01
1.740000000000000000e+02
1.396000000000000000e+03
2.433000000000000000e+03
1.280000000000000000e+03
2.300000000000000000e+02
4.700000000000000000e+01
5.700000000000000000e+01
3.300000000000000000e+02
1.547000000000000000e+03
1.974000000000000000e+03
7.540000000000000000e+02
1.180000000000000000e+02
4.100000000000000000e+01
6.200000000000000000e+01
9.190000000000000000e+02
2.301000000000000000e+03
1.866000000000000000e+03
4.780000000000000000e+02
7.700000000000000000e+01
4.200000000000000000e+01
1.600000000000000000e+02
1.486000000000000000e+03
2.601000000000000000e+03
1.351000000000000000e+03
2.620000000000000000e+02
5.000000000000000000e+01
6.100000000000000000e+01
4.870000000000000000e+02
1.969000000000000000e+03
2.153000000000000000e+03
7.770000000000000000e+02
1.010000000000000000e+02
3.900000000000000000e+01
6.700000000000000000e+01
8.760000000000000000e+02
2.168000000000000000e+03
1.697000000000000000e+03
3.710000000000000000e+02
5.000000000000000000e+01
4.300000000000000000e+01
2.190000000000000000e+02
1.531000000000000000e+03
2.523000000000000000e+03
1.204000000000000000e+03
2.160000000000000000e+02
2.700000000000000000e+01
5.100000000000000000e+01
4.830000000000000000e+02
1.957000000000000000e+03
2.091000000000000000e+03
6.480000000000000000e+02
1.010000000000000000e+02
4.100000000000000000e+01
1.070000000000000000e+02
1.032000000000000000e+03
2.329000000000000000e+03
1.519000000000000000e+03
3.370000000000000000e+02
7.400000000000000000e+01
4.100000000000000000e+01
2.710000000000000000e+02
1.865000000000000000e+03
2.571000000000000000e+03
1.111000000000000000e+03
1.710000000000000000e+02
4.700000000000000000e+01
6.200000000000000000e+01
6.500000000000000000e+02
2.316000000000000000e+03
2.069000000000000000e+03
5.250000000000000000e+02
7.800000000000000000e+01
4.000000000000000000e+01
1.900000000000000000e+01
2.100000000000000000e+01
4.900000000000000000e+01
3.380000000000000000e+02
1.922000000000000000e+03
2.585000000000000000e+03
1.007000000000000000e+03
1.920000000000000000e+02
5.000000000000000000e+01
1.120000000000000000e+02
1.289000000000000000e+03
2.782000000000000000e+03
1.682000000000000000e+03
3.000000000000000000e+02
5.700000000000000000e+01
4.100000000000000000e+01
3.910000000000000000e+02
2.221000000000000000e+03
2.916000000000000000e+03
1.110000000000000000e+03
1.300000000000000000e+02
4.600000000000000000e+01
6.200000000000000000e+01
4.620000000000000000e+02
2.246000000000000000e+03
2.558000000000000000e+03
8.680000000000000000e+02
1.380000000000000000e+02
4.500000000000000000e+01
6.600000000000000000e+01
9.210000000000000000e+02
2.370000000000000000e+03
1.902000000000000000e+03
4.670000000000000000e+02
8.300000000000000000e+01
3.100000000000000000e+01
1.930000000000000000e+02
1.438000000000000000e+03
2.546000000000000000e+03
1.287000000000000000e+03
1.880000000000000000e+02
6.100000000000000000e+01
5.700000000000000000e+01
5.850000000000000000e+02
2.359000000000000000e+03
2.501000000000000000e+03
7.820000000000000000e+02
1.130000000000000000e+02
6.000000000000000000e+01
8.300000000000000000e+01
9.490000000000000000e+02
2.703000000000000000e+03
2.031000000000000000e+03
4.600000000000000000e+02
5.500000000000000000e+01
5.600000000000000000e+01
2.180000000000000000e+02
1.642000000000000000e+03
2.693000000000000000e+03
1.330000000000000000e+03
1.970000000000000000e+02
4.000000000000000000e+01
5.800000000000000000e+01
6.390000000000000000e+02
2.520000000000000000e+03
2.618000000000000000e+03
8.340000000000000000e+02
1.190000000000000000e+02
4.600000000000000000e+01
1.270000000000000000e+02
1.145000000000000000e+03
2.520000000000000000e+03
1.667000000000000000e+03
3.800000000000000000e+02
7.700000000000000000e+01
6.500000000000000000e+01
2.070000000000000000e+02
1.632000000000000000e+03
2.674000000000000000e+03
1.274000000000000000e+03
2.220000000000000000e+02
4.000000000000000000e+01
7.000000000000000000e+01
6.600000000000000000e+02
2.191000000000000000e+03
2.168000000000000000e+03
6.620000000000000000e+02
1.250000000000000000e+02
6.100000000000000000e+01
1.520000000000000000e+02
1.422000000000000000e+03
2.924000000000000000e+03
1.853000000000000000e+03
3.880000000000000000e+02
6.300000000000000000e+01
6.700000000000000000e+01
3.520000000000000000e+02
2.052000000000000000e+03
2.671000000000000000e+03
9.810000000000000000e+02
1.600000000000000000e+02
3.500000000000000000e+01
1.040000000000000000e+02
9.410000000000000000e+02
2.728000000000000000e+03
2.269000000000000000e+03
5.150000000000000000e+02
8.800000000000000000e+01
3.800000000000000000e+01
1.460000000000000000e+02
1.692000000000000000e+03
3.142000000000000000e+03
1.593000000000000000e+03
2.720000000000000000e+02
5.000000000000000000e+01
5.100000000000000000e+01
3.340000000000000000e+02
2.189000000000000000e+03
3.028000000000000000e+03
1.217000000000000000e+03
1.880000000000000000e+02
5.300000000000000000e+01
9.000000000000000000e+01
9.000000000000000000e+02
2.664000000000000000e+03
2.348000000000000000e+03
5.980000000000000000e+02
1.020000000000000000e+02
7.300000000000000000e+01
2.230000000000000000e+02
1.824000000000000000e+03
3.034000000000000000e+03
1.602000000000000000e+03
2.750000000000000000e+02
5.400000000000000000e+01
5.400000000000000000e+01
5.570000000000000000e+02
2.475000000000000000e+03
2.710000000000000000e+03
9.070000000000000000e+02
1.460000000000000000e+02
4.300000000000000000e+01
8.300000000000000000e+01
9.350000000000000000e+02
2.798000000000000000e+03
2.162000000000000000e+03
5.140000000000000000e+02
8.500000000000000000e+01
5.500000000000000000e+01
2.410000000000000000e+02
1.851000000000000000e+03
2.781000000000000000e+03
1.275000000000000000e+03
2.010000000000000000e+02
5.500000000000000000e+01
1.820000000000000000e+02
9.345000000000000000e+03
2.282000000000000000e+03
2.586000000000000000e+03
8.990000000000000000e+02
1.560000000000000000e+02
5.400000000000000000e+01
8.600000000000000000e+01
1.102000000000000000e+03
2.793000000000000000e+03
1.930000000000000000e+03
4.310000000000000000e+02
7.200000000000000000e+01
5.700000000000000000e+01
2.910000000000000000e+02
2.102000000000000000e+03
2.871000000000000000e+03
1.206000000000000000e+03
1.890000000000000000e+02
5.500000000000000000e+01
6.300000000000000000e+01
7.080000000000000000e+02
2.277000000000000000e+03
2.065000000000000000e+03
6.450000000000000000e+02
1.100000000000000000e+02
6.500000000000000000e+01
1.600000000000000000e+02
1.488000000000000000e+03
2.758000000000000000e+03
1.573000000000000000e+03
2.960000000000000000e+02
6.600000000000000000e+01
6.100000000000000000e+01
3.430000000000000000e+02
1.862000000000000000e+03
2.409000000000000000e+03
9.620000000000000000e+02
1.830000000000000000e+02
5.000000000000000000e+01
4.300000000000000000e+01
3.810000000000000000e+02
1.632000000000000000e+03
2.073000000000000000e+03
5.420000000000000000e+02
1.140000000000000000e+02
4.300000000000000000e+01
3.500000000000000000e+01
1.070000000000000000e+02
1.195000000000000000e+03
2.425000000000000000e+03
1.415000000000000000e+03
2.560000000000000000e+02
6.700000000000000000e+01
9.800000000000000000e+01
5.220000000000000000e+02
2.055000000000000000e+03
2.149000000000000000e+03
5.960000000000000000e+02
8.600000000000000000e+01
4.500000000000000000e+01
7.800000000000000000e+01
8.460000000000000000e+02
2.332000000000000000e+03
1.863000000000000000e+03
4.160000000000000000e+02
5.400000000000000000e+01
2.900000000000000000e+01
1.280000000000000000e+02
1.245000000000000000e+03
2.489000000000000000e+03
1.304000000000000000e+03
2.260000000000000000e+02
3.700000000000000000e+01
7.000000000000000000e+01
5.240000000000000000e+02
2.163000000000000000e+03
2.078000000000000000e+03
6.090000000000000000e+02
1.080000000000000000e+02
5.400000000000000000e+01
3.600000000000000000e+01
8.650000000000000000e+02
2.372000000000000000e+03
1.745000000000000000e+03
3.670000000000000000e+02
5.500000000000000000e+01
2.700000000000000000e+01
1.940000000000000000e+02
1.613000000000000000e+03
2.626000000000000000e+03
1.153000000000000000e+03
1.880000000000000000e+02
5.000000000000000000e+01
5.000000000000000000e+01
5.550000000000000000e+02
2.159000000000000000e+03
2.220000000000000000e+03
6.390000000000000000e+02
1.020000000000000000e+02
2.700000000000000000e+01
1.220000000000000000e+02
1.330000000000000000e+03
2.414000000000000000e+03
1.357000000000000000e+03
1.970000000000000000e+02
4.400000000000000000e+01
2.900000000000000000e+01
4.970000000000000000e+02
2.175000000000000000e+03
2.193000000000000000e+03
5.860000000000000000e+02
7.400000000000000000e+01
3.900000000000000000e+01
5.800000000000000000e+01
7.970000000000000000e+02
2.280000000000000000e+03
1.802000000000000000e+03
4.100000000000000000e+02
6.900000000000000000e+01
4.500000000000000000e+01
1.200000000000000000e+02
1.313000000000000000e+03
2.465000000000000000e+03
1.458000000000000000e+03
2.430000000000000000e+02
5.700000000000000000e+01
3.000000000000000000e+01
3.930000000000000000e+02
2.113000000000000000e+03
2.544000000000000000e+03
8.690000000000000000e+02
1.660000000000000000e+02
3.400000000000000000e+01
5.900000000000000000e+01
7.410000000000000000e+02
2.255000000000000000e+03
2.013000000000000000e+03
5.240000000000000000e+02
7.100000000000000000e+01
3.900000000000000000e+01
2.330000000000000000e+02
1.554000000000000000e+03
2.339000000000000000e+03
1.015000000000000000e+03
1.650000000000000000e+02
4.400000000000000000e+01
3.800000000000000000e+01
2.360000000000000000e+02
1.777000000000000000e+03
2.505000000000000000e+03
9.760000000000000000e+02
1.550000000000000000e+02
4.400000000000000000e+01
9.500000000000000000e+01
1.137000000000000000e+03
2.688000000000000000e+03
1.716000000000000000e+03
3.310000000000000000e+02
6.400000000000000000e+01
4.500000000000000000e+01
5.030000000000000000e+02
2.168000000000000000e+03
2.116000000000000000e+03
6.140000000000000000e+02
8.900000000000000000e+01
4.100000000000000000e+01
5.300000000000000000e+01
5.890000000000000000e+02
2.220000000000000000e+03
2.059000000000000000e+03
6.060000000000000000e+02
1.110000000000000000e+02
3.000000000000000000e+01
1.100000000000000000e+02
1.260000000000000000e+03
2.545000000000000000e+03
1.524000000000000000e+03
3.150000000000000000e+02
8.300000000000000000e+01
7.000000000000000000e+01
6.380000000000000000e+02
2.159000000000000000e+03
2.036000000000000000e+03
5.330000000000000000e+02
9.200000000000000000e+01
6.200000000000000000e+01
6.400000000000000000e+01
7.810000000000000000e+02
2.513000000000000000e+03
2.171000000000000000e+03
5.000000000000000000e+02
8.900000000000000000e+01
4.400000000000000000e+01
1.630000000000000000e+02
1.431000000000000000e+03
2.720000000000000000e+03
1.407000000000000000e+03
2.230000000000000000e+02
6.000000000000000000e+01
6.300000000000000000e+01
4.120000000000000000e+02
2.091000000000000000e+03
2.500000000000000000e+03
7.720000000000000000e+02
1.220000000000000000e+02
5.700000000000000000e+01
7.600000000000000000e+01
8.350000000000000000e+02
2.308000000000000000e+03
1.755000000000000000e+03
3.760000000000000000e+02
8.900000000000000000e+01
4.500000000000000000e+01
2.260000000000000000e+02
1.667000000000000000e+03
2.698000000000000000e+03
1.324000000000000000e+03
1.950000000000000000e+02
5.900000000000000000e+01
5.600000000000000000e+01
5.960000000000000000e+02
2.425000000000000000e+03
2.566000000000000000e+03
7.400000000000000000e+02
1.100000000000000000e+02
4.500000000000000000e+01
9.100000000000000000e+01
9.350000000000000000e+02
2.432000000000000000e+03
1.912000000000000000e+03
4.430000000000000000e+02
1.060000000000000000e+02
4.900000000000000000e+01
2.900000000000000000e+02
1.981000000000000000e+03
2.693000000000000000e+03
1.017000000000000000e+03
1.490000000000000000e+02
5.800000000000000000e+01
4.400000000000000000e+01
5.480000000000000000e+02
2.202000000000000000e+03
2.346000000000000000e+03
7.070000000000000000e+02
7.700000000000000000e+01
3.100000000000000000e+01
3.000000000000000000e+01
2.000000000000000000e+01
5.800000000000000000e+01
9.000000000000000000e+02
2.240000000000000000e+03
1.493000000000000000e+03
2.620000000000000000e+02
4.000000000000000000e+01
3.900000000000000000e+01
1.500000000000000000e+02
1.242000000000000000e+03
2.014000000000000000e+03
1.020000000000000000e+03
1.700000000000000000e+02
5.300000000000000000e+01
2.700000000000000000e+01
3.870000000000000000e+02
1.976000000000000000e+03
2.130000000000000000e+03
6.480000000000000000e+02
1.050000000000000000e+02
6.900000000000000000e+01
8.000000000000000000e+01
8.610000000000000000e+02
1.970000000000000000e+03
1.268000000000000000e+03
3.860000000000000000e+02
7.700000000000000000e+01
2.200000000000000000e+01
2.350000000000000000e+02
1.657000000000000000e+03
2.178000000000000000e+03
8.930000000000000000e+02
1.430000000000000000e+02
4.700000000000000000e+01
5.000000000000000000e+01
3.190000000000000000e+02
1.680000000000000000e+03
2.223000000000000000e+03
8.170000000000000000e+02
1.470000000000000000e+02
5.600000000000000000e+01
1.740000000000000000e+02
1.462000000000000000e+03
2.546000000000000000e+03
1.404000000000000000e+03
2.490000000000000000e+02
5.900000000000000000e+01
2.900000000000000000e+01
1.560000000000000000e+02
1.436000000000000000e+03
2.683000000000000000e+03
1.403000000000000000e+03
2.640000000000000000e+02
6.600000000000000000e+01
9.500000000000000000e+01
8.930000000000000000e+02
2.515000000000000000e+03
1.911000000000000000e+03
4.380000000000000000e+02
8.500000000000000000e+01
2.500000000000000000e+01
8.800000000000000000e+01
1.068000000000000000e+03
2.493000000000000000e+03
1.582000000000000000e+03
3.170000000000000000e+02
6.200000000000000000e+01
6.000000000000000000e+01
5.290000000000000000e+02
2.127000000000000000e+03
1.951000000000000000e+03
5.500000000000000000e+02
1.000000000000000000e+02
6.600000000000000000e+01
1.180000000000000000e+02
1.013000000000000000e+03
2.301000000000000000e+03
1.492000000000000000e+03
2.840000000000000000e+02
6.000000000000000000e+01
1.500000000000000000e+01
1.270000000000000000e+02
1.237000000000000000e+03
2.517000000000000000e+03
1.397000000000000000e+03
2.760000000000000000e+02
7.400000000000000000e+01
6.500000000000000000e+01
7.960000000000000000e+02
2.238000000000000000e+03
1.805000000000000000e+03
4.520000000000000000e+02
8.400000000000000000e+01
5.000000000000000000e+01
8.800000000000000000e+01
8.990000000000000000e+02
2.275000000000000000e+03
1.758000000000000000e+03
4.030000000000000000e+02
8.100000000000000000e+01
3.700000000000000000e+01
2.360000000000000000e+02
1.764000000000000000e+03
2.542000000000000000e+03
1.102000000000000000e+03
2.050000000000000000e+02
4.500000000000000000e+01
5.400000000000000000e+01
8.410000000000000000e+02
2.344000000000000000e+03
1.933000000000000000e+03
4.420000000000000000e+02
6.700000000000000000e+01
5.300000000000000000e+01
1.330000000000000000e+02
1.244000000000000000e+03
2.626000000000000000e+03
1.552000000000000000e+03
2.860000000000000000e+02
7.700000000000000000e+01
1.030000000000000000e+02
9.800000000000000000e+02
2.495000000000000000e+03
1.778000000000000000e+03
3.910000000000000000e+02
5.800000000000000000e+01
5.300000000000000000e+01
2.150000000000000000e+02
1.724000000000000000e+03
2.635000000000000000e+03
1.330000000000000000e+03
1.900000000000000000e+02
4.400000000000000000e+01
5.200000000000000000e+01
3.640000000000000000e+02
2.073000000000000000e+03
2.557000000000000000e+03
9.500000000000000000e+02
1.660000000000000000e+02
4.400000000000000000e+01
6.800000000000000000e+01
5.360000000000000000e+02
2.106000000000000000e+03
2.223000000000000000e+03
6.440000000000000000e+02
9.900000000000000000e+01
4.600000000000000000e+01
1.760000000000000000e+02
1.321000000000000000e+03
2.084000000000000000e+03
1.005000000000000000e+03
1.790000000000000000e+02
4.100000000000000000e+01
5.700000000000000000e+01
5.900000000000000000e+02
2.294000000000000000e+03
2.331000000000000000e+03
6.530000000000000000e+02
1.180000000000000000e+02
2.200000000000000000e+01
9.900000000000000000e+01
1.092000000000000000e+03
2.585000000000000000e+03
1.747000000000000000e+03
3.750000000000000000e+02
7.800000000000000000e+01
1.900000000000000000e+01
2.600000000000000000e+02
1.884000000000000000e+03
2.639000000000000000e+03
1.045000000000000000e+03
1.450000000000000000e+02
3.400000000000000000e+01
6.000000000000000000e+01
7.000000000000000000e+02
2.382000000000000000e+03
2.123000000000000000e+03
5.550000000000000000e+02
9.100000000000000000e+01
3.200000000000000000e+01
1.420000000000000000e+02
1.401000000000000000e+03
2.441000000000000000e+03
1.279000000000000000e+03
2.390000000000000000e+02
5.300000000000000000e+01
4.600000000000000000e+01
3.350000000000000000e+02
1.879000000000000000e+03
2.298000000000000000e+03
9.040000000000000000e+02
1.410000000000000000e+02
6.300000000000000000e+01
4.500000000000000000e+01
4.630000000000000000e+02
1.614000000000000000e+03
1.877000000000000000e+03
5.480000000000000000e+02
9.300000000000000000e+01
2.500000000000000000e+01
2.100000000000000000e+01
4.700000000000000000e+01
5.850000000000000000e+02
2.212000000000000000e+03
2.295000000000000000e+03
7.310000000000000000e+02
1.130000000000000000e+02
2.900000000000000000e+01
7.400000000000000000e+01
7.750000000000000000e+02
2.235000000000000000e+03
1.563000000000000000e+03
3.720000000000000000e+02
7.300000000000000000e+01
4.000000000000000000e+01
2.360000000000000000e+02
1.678000000000000000e+03
2.629000000000000000e+03
1.230000000000000000e+03
2.070000000000000000e+02
5.600000000000000000e+01
7.400000000000000000e+01
5.660000000000000000e+02
2.197000000000000000e+03
2.123000000000000000e+03
5.490000000000000000e+02
8.600000000000000000e+01
4.500000000000000000e+01
1.340000000000000000e+02
1.174000000000000000e+03
2.342000000000000000e+03
1.429000000000000000e+03
2.730000000000000000e+02
3.700000000000000000e+01
5.200000000000000000e+01
3.700000000000000000e+02
1.820000000000000000e+03
2.201000000000000000e+03
7.670000000000000000e+02
1.380000000000000000e+02
3.000000000000000000e+01
9.300000000000000000e+01
8.500000000000000000e+02
2.212000000000000000e+03
1.740000000000000000e+03
3.630000000000000000e+02
7.500000000000000000e+01
5.400000000000000000e+01
2.160000000000000000e+02
1.483000000000000000e+03
2.440000000000000000e+03
1.180000000000000000e+03
1.720000000000000000e+02
5.500000000000000000e+01
5.100000000000000000e+01
5.770000000000000000e+02
2.164000000000000000e+03
2.135000000000000000e+03
6.020000000000000000e+02
1.100000000000000000e+02
5.200000000000000000e+01
1.400000000000000000e+02
1.242000000000000000e+03
2.392000000000000000e+03
1.424000000000000000e+03
2.570000000000000000e+02
5.100000000000000000e+01
4.500000000000000000e+01
3.720000000000000000e+02
1.848000000000000000e+03
2.034000000000000000e+03
6.910000000000000000e+02
1.340000000000000000e+02
4.500000000000000000e+01
8.800000000000000000e+01
7.890000000000000000e+02
2.328000000000000000e+03
1.862000000000000000e+03
4.560000000000000000e+02
9.100000000000000000e+01
5.800000000000000000e+01
2.330000000000000000e+02
1.704000000000000000e+03
2.637000000000000000e+03
1.241000000000000000e+03
2.200000000000000000e+02
6.100000000000000000e+01
8.800000000000000000e+01
7.790000000000000000e+02
2.385000000000000000e+03
2.058000000000000000e+03
4.940000000000000000e+02
9.500000000000000000e+01
4.300000000000000000e+01
2.750000000000000000e+02
1.803000000000000000e+03
2.278000000000000000e+03
9.730000000000000000e+02
1.690000000000000000e+02
5.900000000000000000e+01
4.300000000000000000e+01
4.370000000000000000e+02
1.939000000000000000e+03
2.400000000000000000e+03
8.610000000000000000e+02
1.680000000000000000e+02
4.400000000000000000e+01
1.480000000000000000e+02
1.143000000000000000e+03
2.374000000000000000e+03
1.497000000000000000e+03
2.770000000000000000e+02
4.500000000000000000e+01
2.700000000000000000e+01
2.720000000000000000e+02
1.731000000000000000e+03
2.411000000000000000e+03
1.104000000000000000e+03
1.770000000000000000e+02
4.900000000000000000e+01
6.500000000000000000e+01
6.210000000000000000e+02
2.262000000000000000e+03
2.076000000000000000e+03
5.620000000000000000e+02
9.700000000000000000e+01
3.000000000000000000e+01
1.450000000000000000e+02
1.283000000000000000e+03
2.510000000000000000e+03
1.405000000000000000e+03
2.640000000000000000e+02
4.800000000000000000e+01
5.500000000000000000e+01
4.970000000000000000e+02
2.073000000000000000e+03
2.291000000000000000e+03
7.540000000000000000e+02
1.320000000000000000e+02
1.800000000000000000e+01
1.070000000000000000e+02
8.850000000000000000e+02
2.191000000000000000e+03
1.552000000000000000e+03
3.170000000000000000e+02
5.700000000000000000e+01
4.100000000000000000e+01
2.490000000000000000e+02
1.582000000000000000e+03
2.488000000000000000e+03
1.111000000000000000e+03
1.460000000000000000e+02
3.700000000000000000e+01
8.000000000000000000e+01
7.410000000000000000e+02
2.308000000000000000e+03
1.951000000000000000e+03
4.870000000000000000e+02
4.700000000000000000e+01
3.900000000000000000e+01
2.440000000000000000e+02
1.646000000000000000e+03
2.484000000000000000e+03
1.047000000000000000e+03
1.770000000000000000e+02
4.800000000000000000e+01
8.300000000000000000e+01
4.810000000000000000e+02
1.988000000000000000e+03
2.154000000000000000e+03
6.850000000000000000e+02
1.080000000000000000e+02
5.400000000000000000e+01
8.900000000000000000e+01
1.006000000000000000e+03
2.436000000000000000e+03
1.716000000000000000e+03
2.970000000000000000e+02
6.500000000000000000e+01
4.200000000000000000e+01
2.560000000000000000e+02
1.624000000000000000e+03
2.287000000000000000e+03
9.460000000000000000e+02
1.780000000000000000e+02
4.900000000000000000e+01
7.200000000000000000e+01
8.260000000000000000e+02
2.432000000000000000e+03
2.035000000000000000e+03
5.030000000000000000e+02
7.900000000000000000e+01
3.500000000000000000e+01
1.180000000000000000e+02
1.188000000000000000e+03
2.299000000000000000e+03
1.370000000000000000e+03
2.550000000000000000e+02
3.100000000000000000e+01
2.300000000000000000e+01
1.300000000000000000e+01
2.000000000000000000e+00
8.000000000000000000e+00
-1.000000000000000000e+01
-5.000000000000000000e+00
1.100000000000000000e+01
-5.000000000000000000e+00
-5.000000000000000000e+00
1.100000000000000000e+01
1.200000000000000000e+01
-1.100000000000000000e+01
-1.000000000000000000e+01
-1.000000000000000000e+00
1.900000000000000000e+01
-2.000000000000000000e+01
1.200000000000000000e+01
-4.000000000000000000e+00
8.000000000000000000e+00
-1.100000000000000000e+01
-2.100000000000000000e+01
-9.000000000000000000e+00
-1.300000000000000000e+01
