# Time    Exp ID    Rot ('')  RA ('')  Dec ('')  See ('')  Scale-1 (e5)  Lurch?
#-------------------------------------------------------------------------------
00:29:11  4         -14.72    +1.23     -1.13     +1.9      +0.0           
00:29:20  5         +0.00     +5.89     -5.21     +0.0      +0.0           
00:29:30  6         +45.85    -0.11     -0.28     +1.3      +0.0           
00:29:41  7         +7.46     +1.32     +0.66     +0.7      +0.0           
00:29:51  8         +12.68    +0.32     +0.38     +2.1      +0.0           
00:30:01  9         +4.15     +0.18     +0.45     +2.2      +0.0           
00:30:11  10        +2.05     +0.03     +0.05     +2.0      +0.0           
00:30:21  11        +0.42     -0.21     +0.05     +2.1      +0.0           
00:30:31  12        +0.62     -0.19     -0.08     +2.1      +0.0           
00:30:48  13        -1.52     -0.35     +0.15     +2.2      +0.0           
00:31:04  14        +2.23     -0.11     +0.04     +2.1      +0.0           
00:31:30  16        -0.49     +0.07     -0.01     +2.0      +7.0           
00:32:00  17        -1.36     -0.72     +1.15     +2.2      +7.0           
00:32:16  18        +0.26     -0.12     +0.47     +2.2      +7.0           
00:32:32  19        -0.03     -0.08     +0.12     +2.1      +7.0           
00:32:48  20        -1.99     -0.16     +0.14     +2.2      +7.0           
00:33:02  21        -1.30     -0.21     -0.07     +2.0      +7.0           
00:33:27  23        -0.95     +0.10     +0.14     +2.0      +9.0           
00:33:47  24        +0.91     -0.40     +0.65     +2.0      +9.0           
00:34:04  25        -1.27     -0.09     +0.22     +2.0      +9.0           
00:34:20  26        +1.24     -0.09     -0.03     +2.0      +9.0           
00:34:46  27        +0.88     -0.05     +0.11     +2.0      +9.0           
00:35:12  28        -0.19     +0.01     +0.15     +2.0      +9.0           
00:35:37  29        +0.12     +0.16     +0.07     +1.9      +9.0           
00:36:03  30        +0.77     +0.07     +0.03     +2.0      +9.0           
00:36:29  31        -0.88     -0.03     +0.19     +2.0      +9.0           
00:36:50  32        +0.57     +0.05     +0.08     +2.1      +9.0           
00:37:11  33        -0.98     +0.22     -0.02     +2.1      +9.0           
00:37:32  34        -1.79     -0.05     -0.07     +2.0      +9.0           
00:37:53  35        +1.58     -0.01     +0.04     +2.0      +9.0           
00:38:13  36        +0.72     -0.21     +0.04     +1.9      +9.0           
00:38:31  37        +1.53     +0.09     -0.01     +2.0      +9.0           
00:38:51  38        +0.01     +0.01     -0.01     +2.0      +9.0           
00:39:13  39        +0.69     +0.03     +0.06     +2.0      +9.0           
00:39:32  40        +0.28     +0.01     +0.14     +2.0      +9.0           
00:39:53  41        -0.85     +0.01     -0.02     +2.1      +9.0           
00:40:13  42        +0.52     -0.07     +0.07     +2.0      +9.0           
00:40:34  43        -1.35     +0.04     -0.34     +2.0      +9.0           
00:41:00  44        +0.71     -0.24     -0.13     +2.2      +9.0           
00:41:21  45        -1.11     -0.02     +0.22     +2.2      +9.0           
00:41:42  46        +0.68     -0.29     -0.10     +2.2      +9.0           
00:42:04  47        -0.62     +0.31     -0.23     +2.1      +9.0           
00:42:26  48        +1.15     -0.01     -0.05     +2.0      +9.0           
00:42:47  49        +0.58     +0.13     +0.24     +2.0      +9.0           
00:43:06  50        +0.53     +0.01     +0.18     +1.9      +9.0           
00:43:27  51        +0.36     -0.02     +0.08     +1.9      +9.0           
00:43:48  52        -0.59     -0.02     -0.08     +2.0      +9.0           
00:44:07  53        +0.58     -0.04     -0.11     +1.9      +9.0           
00:44:27  54        +0.30     -0.20     -0.09     +2.1      +9.0           
00:44:48  55        -0.33     -0.03     +0.13     +2.0      +9.0           
00:45:09  56        +0.94     +0.00     +0.02     +2.3      +9.0           
00:45:29  57        +0.12     -0.19     -0.05     +2.2      +9.0           
00:45:50  58        -0.44     +0.22     -0.10     +2.2      +9.0           
00:46:12  59        -0.69     -0.09     +0.14     +2.2      +9.0           
00:46:34  60        +0.07     +0.09     +0.06     +2.0      +9.0           
00:47:00  61        +0.28     +0.01     +0.12     +1.9      +9.0           
00:47:18  62        +0.00     +0.03     +0.12     +1.9      +9.0           
00:47:37  63        +0.38     +0.03     -0.07     +1.8      +9.0           
00:47:59  64        -0.43     -0.11     -0.17     +1.9      +9.0           
00:48:19  65        +0.42     +0.00     -0.06     +1.9      +9.0           
00:48:39  66        -0.46     -0.16     +0.04     +1.8      +9.0           
00:49:00  67        -0.79     +0.05     +0.18     +1.8      +9.0           
00:49:20  68        -0.08     -0.11     +0.48     +2.0      +9.0           
00:49:42  69        +0.03     +0.21     -0.24     +1.8      +9.0           
00:50:01  70        -0.20     -0.10     -0.03     +1.7      +9.0           
00:50:21  71        +0.10     +0.10     +0.15     +1.8      +9.0           
00:50:41  72        +26.59    -0.09     -0.77     +0.0      +9.0           
00:55:37  74        -14.26    -0.66     -0.11     +0.0      +9.0           
00:55:47  75        -14.94    -0.66     -0.08     +0.0      +9.0           
00:55:57  76        +0.00     +0.64     -0.69     +0.0      +9.0           
00:56:08  77        -18.13    -0.94     +0.80     +2.2      +9.0           
00:56:18  78        -4.98     -0.68     +0.44     +2.1      +9.0           
00:56:36  79        -2.13     -0.41     +0.23     +2.7      +9.0           
00:56:53  80        +1.27     -0.15     +0.33     +2.3      +9.0           
00:57:18  82        -1.61     -0.03     -0.01     +2.1      +6.0           
00:57:29  83        +0.46     +0.06     -0.07     +2.2      +6.0           
00:57:39  84        -0.19     +0.33     -0.50     +2.0      +6.0           
00:57:49  85        +2.08     +0.32     -0.30     +1.9      +6.0           
00:57:59  86        -1.30     +0.01     -0.13     +2.0      +6.0           
00:58:15  87        +0.28     -0.08     -0.00     +2.1      +6.0           
00:58:36  88        +1.11     +0.09     +0.03     +2.1      +6.0           
00:59:00  89        -0.16     +0.02     +0.02     +2.2      +6.0           
00:59:21  90        -0.23     -0.00     +0.08     +2.1      +6.0           
00:59:42  91        +0.66     -0.08     +0.19     +2.1      +6.0           
01:00:03  92        +0.03     -0.12     -0.01     +1.9      +6.0           
01:00:24  93        +0.11     +0.06     +0.19     +1.9      +6.0           
01:00:59  95        -0.56     -1.01     +1.11     +1.8      +8.0           
01:01:20  96        +0.57     -0.22     +0.34     +1.8      +8.0           
01:01:41  97        +1.14     -0.12     +0.03     +1.9      +8.0           
01:02:02  98        -0.05     -0.09     +0.01     +2.0      +8.0           
01:02:21  99        +0.21     -0.19     -0.23     +2.0      +8.0           
01:02:42  100       -0.21     -0.13     -0.15     +2.0      +8.0           
01:03:03  101       -0.13     -0.09     -0.05     +1.9      +8.0           
01:03:24  102       -0.45     -0.08     -0.00     +1.8      +8.0           
01:03:43  103       -0.78     -0.17     -0.01     +1.8      +8.0           
01:04:06  104       +0.55     -0.02     -0.06     +1.8      +8.0           
01:04:27  105       +1.01     -0.03     -0.07     +1.7      +8.0           
01:04:47  106       -0.53     -0.01     -0.05     +1.9      +8.0           
01:05:09  107       -1.17     -0.02     -0.05     +1.9      +8.0           
01:05:30  108       +0.30     +0.10     -0.04     +2.0      +8.0           
01:05:50  109       -0.58     -0.00     +0.03     +1.9      +8.0           
01:06:10  110       +1.18     -0.07     -0.02     +1.9      +8.0           
01:06:31  111       -0.62     -0.05     -0.06     +1.9      +8.0           
01:06:52  112       +0.28     -0.14     +0.10     +2.0      +8.0           
01:07:13  113       -1.26     +0.13     -0.14     +2.1      +8.0           
01:07:33  114       +0.83     -0.12     +0.09     +1.9      +8.0           
01:07:54  115       -0.14     +0.04     -0.03     +1.9      +8.0           
01:08:15  116       +0.64     +0.06     +0.08     +2.0      +8.0           
01:08:36  117       -2.14     +0.06     -0.11     +2.8      +8.0           
01:08:59  118       +1.01     -0.32     +0.07     +2.4      +8.0           
01:09:19  119       -2.13     +0.18     -0.23     +4.1      +8.0           
01:09:41  120       +2.94     +0.07     +0.78     +4.0      +8.0           
01:10:05  121       +2.78     +0.09     -0.02     +3.3      +8.0           
01:10:27  122       -0.94     -0.33     -0.35     +2.7      +8.0           
01:10:46  123       -1.50     -0.04     -0.16     +2.4      +8.0           
01:11:07  124       +0.76     -0.17     +0.42     +2.9      +8.0           
01:11:27  125       -0.32     +0.40     -0.22     +3.3      +8.0           
01:11:45  126       -0.10     -0.37     +0.20     +2.7      +8.0           
01:12:04  127       +0.28     -0.21     +0.05     +2.7      +8.0           
01:12:27  128       -1.43     +0.06     -0.25     +2.3      +8.0           
01:12:47  129       +0.72     -0.07     +0.10     +2.3      +8.0           
01:13:08  130       -0.89     +0.01     -0.04     +2.1      +8.0           
01:13:29  131       +0.42     -0.05     -0.17     +2.0      +8.0           
01:13:50  132       +0.74     +0.08     +0.05     +2.1      +8.0           
01:14:11  133       -0.98     -0.09     -0.12     +2.0      +8.0           
01:14:33  134       -1.40     +0.30     -0.07     +2.4      +8.0           
01:14:48  135       +1.68     +0.05     +0.04     +2.8      +8.0           
01:15:03  136       +0.77     +0.05     -0.17     +2.5      +8.0           
01:15:18  137       -0.42     -0.12     -0.22     +2.6      +8.0           
01:15:34  138       +0.63     -0.19     +0.22     +2.2      +8.0           
01:15:49  139       +1.25     -0.05     +0.26     +2.2      +8.0           
01:16:19  141       -0.26     +0.25     -1.91     +2.2      +6.0           
01:16:35  142       -0.50     +0.03     -0.03     +1.9      +6.0           
01:16:50  143       +0.35     -0.19     -0.03     +2.2      +6.0           
01:17:05  144       -0.16     +0.06     +0.00     +2.1      +6.0           
01:17:21  145       +0.08     +0.13     +0.10     +2.0      +6.0           
01:17:36  146       +0.40     +0.08     +0.20     +2.0      +6.0           
01:17:52  147       +0.31     -0.06     -0.26     +1.9      +6.0           
01:18:07  148       -1.13     -0.01     +0.03     +1.9      +6.0           
01:18:22  149       +0.73     -0.07     +0.14     +1.9      +6.0           
01:18:38  150       +0.71     -0.02     -0.01     +1.8      +6.0           
01:18:53  151       +0.02     -0.08     +0.02     +2.0      +6.0           
01:19:09  152       +0.11     +0.01     -0.21     +2.1      +6.0           
01:19:24  153       +0.80     +0.26     -0.05     +2.9      +6.0           
01:19:40  154       -0.94     -0.09     -0.00     +2.4      +6.0           
01:19:55  155       -1.66     -0.01     +0.23     +2.8      +6.0           
01:20:11  156       +1.70     +0.02     +0.03     +2.7      +6.0           
01:20:32  157       -1.44     -0.21     +0.04     +2.6      +6.0           
01:21:08  159       +1.04     +0.08     +0.06     +2.5      +4.0           
01:21:23  160       +0.18     +0.05     -0.62     +2.2      +4.0           
01:21:38  161       -0.70     +0.30     -0.30     +2.2      +4.0           
01:21:53  162       +0.56     -0.27     +0.01     +2.1      +4.0           
01:22:08  163       +0.82     -0.06     -0.09     +2.1      +4.0           
01:22:24  164       -0.92     +0.09     +0.01     +1.9      +4.0           
01:22:39  165       +0.56     +0.09     -0.03     +1.8      +4.0           
01:22:55  166       +1.14     -0.05     -0.06     +1.7      +4.0           
01:23:10  167       -0.38     -0.03     +0.12     +1.7      +4.0           
01:23:25  168       -0.73     +0.13     +0.05     +1.8      +4.0           
01:23:40  169       -0.43     +0.01     -0.03     +1.9      +4.0           
01:23:55  170       -0.38     +0.11     -0.01     +1.8      +4.0           
01:24:11  171       +0.34     -0.06     +0.21     +2.0      +4.0           
01:24:26  172       +0.38     -0.02     -0.08     +2.0      +4.0           
01:24:48  173       -0.82     -0.06     +0.12     +2.2      +4.0           
01:25:09  174       -0.61     +0.13     -0.04     +2.1      +4.0           
01:25:29  175       +0.36     -0.02     -0.10     +2.1      +4.0           
01:25:48  176       -0.20     -0.02     +0.01     +2.1      +4.0           
01:26:09  177       +0.25     +0.02     +0.02     +2.1      +4.0           
01:26:30  178       +0.90     +0.01     -0.20     +2.3      +4.0           
01:26:51  179       -1.45     -0.04     +0.03     +2.2      +4.0           
01:27:12  180       -0.53     +0.22     -0.22     +2.3      +4.0           
01:27:35  181       -3.25     -0.12     -0.17     +3.8      +4.0           
01:27:58  182       +1.76     +0.24     +0.43     +3.3      +4.0           
01:28:19  183       +3.59     +0.04     -0.02     +3.4      +4.0           
01:28:40  184       -0.35     +0.04     +0.13     +3.0      +4.0           
01:28:55  185       +0.75     -0.21     +0.09     +2.8      +4.0           
01:29:10  186       -0.24     +0.01     +0.09     +2.7      +4.0           
01:29:25  187       -1.74     +0.08     +0.08     +3.4      +4.0           
01:29:40  188       +1.21     -0.05     +0.21     +3.3      +4.0           
01:29:56  189       +1.05     +0.05     -0.06     +2.8      +4.0           
01:30:11  190       -2.33     +0.13     -0.08     +2.8      +4.0           
01:30:28  191       +0.60     -0.34     -0.04     +3.0      +4.0           
01:30:43  192       -0.13     +0.06     +0.05     +2.6      +4.0           
01:30:59  193       +0.66     -0.17     -0.10     +2.3      +4.0           
01:31:14  194       -0.77     -0.04     -0.09     +2.7      +4.0           
01:31:29  195       +0.48     +0.15     -0.01     +2.4      +4.0           
01:31:45  196       -0.85     +0.08     +0.02     +2.6      +4.0           
01:32:04  197       +0.19     -0.10     +0.11     +2.6      +4.0           
01:32:26  198       -0.16     +0.12     -0.29     +2.4      +4.0           
01:32:46  199       +0.59     +1.21     +0.58     +2.4      +4.0           
01:33:07  200       +0.57     -0.15     +0.12     +2.4      +4.0           
01:33:28  201       +0.61     +0.15     -0.17     +3.0      +4.0           
01:33:49  202       -0.17     -0.10     +0.17     +3.0      +4.0           
01:34:08  203       -0.21     -0.20     -0.67     +2.9      +4.0           
01:34:29  204       +1.51     +0.02     +0.26     +2.4      +4.0           
01:34:50  205       -0.58     +0.08     +0.18     +2.5      +4.0           
01:35:11  206       +0.85     -0.12     -0.09     +2.4      +4.0           
01:35:32  207       -0.95     +0.10     -0.16     +2.4      +4.0           
01:35:53  208       +0.44     +0.09     -0.07     +2.3      +4.0           
01:36:13  209       -0.34     -0.05     +0.19     +2.5      +4.0           
01:36:34  210       -1.67     +0.08     +0.06     +2.5      +4.0           
01:36:57  211       +0.03     -0.04     -0.07     +2.3      +4.0           
01:37:17  212       -0.79     -0.01     +0.11     +2.4      +4.0           
01:37:38  213       +0.67     +0.14     -0.06     +2.5      +4.0           
01:37:59  214       +2.44     +0.07     -0.16     +2.8      +4.0           
01:38:18  215       +0.72     +0.01     +0.09     +3.0      +4.0           
01:38:39  216       -0.36     -0.13     -0.15     +2.8      +4.0           
01:39:00  217       -0.03     +0.08     +0.02     +2.9      +4.0           
01:39:22  218       -0.22     +0.26     +0.12     +2.9      +4.0           
01:39:41  219       +1.24     +0.01     -0.11     +3.2      +4.0           
01:40:02  220       -1.79     -0.20     +0.14     +3.4      +4.0           
01:40:23  221       -2.54     +0.04     -0.08     +4.1      +4.0           
01:40:44  222       -0.24     +0.20     -0.18     +3.3      +4.0           
01:41:06  223       +0.23     +0.04     +0.06     +3.6      +4.0           
01:41:24  224       +0.77     +0.14     +0.17     +4.0      +4.0           
01:41:47  225       +1.98     -0.02     -0.09     +4.2      +4.0           
01:42:11  226       -0.44     +0.21     +0.18     +4.0      +4.0           
01:42:36  227       -1.22     -0.19     +0.15     +4.1      +4.0           
01:43:00  228       -0.49     +0.15     -0.43     +3.5      +4.0           
01:43:23  229       +0.72     -0.30     -0.15     +3.3      +4.0           
01:44:03  231       -0.94     +0.21     +0.73     +3.7      +2.0           
01:44:21  232       +1.10     +0.13     -0.62     +3.5      +2.0           
01:44:55  234       -0.69     +0.10     -0.65     +3.2      +0.0           
01:45:10  235       +1.14     -0.14     -0.10     +3.4      +0.0           
01:45:27  236       -2.19     -0.11     -0.18     +3.6      +0.0           
01:45:42  237       +1.52     +0.32     +0.09     +3.4      +0.0           
01:45:57  238       +2.84     +0.06     -0.12     +3.4      +0.0           
01:46:12  239       -4.06     -0.01     +0.20     +3.1      +0.0           
01:46:28  240       +0.19     -0.01     -0.04     +3.2      +0.0           
01:46:43  241       +1.08     +0.14     -0.24     +3.4      +0.0           
01:46:59  242       +1.21     +0.32     +0.50     +3.7      +0.0           
01:47:14  243       -6.29     +0.11     -0.05     +2.7      +0.0           
01:47:30  244       +2.83     +0.01     +0.44     +2.8      +0.0           
01:47:45  245       +1.55     +0.20     -0.23     +2.7      +0.0           
01:48:00  246       +0.44     -0.02     +0.26     +3.1      +0.0           
01:48:15  247       +0.90     +0.07     -0.21     +3.1      +0.0           
01:48:31  248       +1.76     -0.05     -0.08     +3.0      +0.0           
01:48:46  249       +0.91     -0.03     -0.05     +2.8      +0.0           
01:49:02  250       -2.43     -1.29     +0.66     +2.4      +0.0           
01:49:16  251       -1.10     +0.06     +0.25     +2.5      +0.0           
01:49:38  252       -0.04     +0.13     -0.42     +2.7      +0.0           
01:50:00  253       -0.93     -0.03     -0.02     +2.5      +0.0           
01:50:22  254       +0.06     -0.10     +0.37     +2.3      +0.0           
01:50:42  255       +0.20     +0.02     +0.18     +2.3      +0.0           
01:51:03  256       +1.26     +0.02     -0.12     +2.1      +0.0           
01:51:25  257       -0.47     +0.04     -0.26     +2.1      +0.0           
01:51:46  258       -0.44     -0.17     +0.06     +2.0      +0.0           
01:52:05  259       +0.36     +0.12     -0.17     +2.3      +0.0           
01:52:26  260       -0.32     +0.08     +0.28     +2.1      +0.0           
01:52:48  261       -0.56     -0.13     -0.07     +2.2      +0.0           
01:53:08  262       +2.01     -0.08     -0.07     +2.1      +0.0           
01:53:29  263       -1.04     +0.10     +0.16     +2.2      +0.0           
01:53:50  264       +0.74     -0.04     -0.12     +2.1      +0.0           
01:54:12  265       -0.54     -0.09     -0.24     +2.1      +0.0           
01:54:33  266       +1.18     +0.02     +0.21     +2.4      +0.0           
01:54:54  267       -1.01     -0.00     +0.12     +2.2      +0.0           
01:55:16  268       +0.39     +0.03     -0.28     +2.2      +0.0           
01:55:37  269       +0.17     +0.04     +0.03     +2.3      +0.0           
01:56:00  270       +0.84     -0.15     -0.18     +2.5      +0.0           
01:56:20  271       +0.00     -0.08     +0.13     +2.3      +0.0           
01:56:41  272       -0.36     +0.04     +0.04     +2.2      +0.0           
01:57:00  273       -0.70     +0.09     +0.00     +2.3      +0.0           
01:57:36  275       +1.47     -0.05     +0.44     +2.6      -1.0           
01:57:51  276       -1.50     -0.12     -0.53     +2.6      -1.0           
01:58:22  278       +0.17     +0.12     -0.45     +2.6      -2.0           
01:58:44  279       +1.03     -0.03     +0.06     +2.6      -2.0           
01:59:05  280       +0.06     -0.05     +0.09     +2.6      -2.0           
01:59:26  281       -1.17     +0.03     -0.03     +2.6      -2.0           
01:59:47  282       -0.67     +0.18     +0.14     +2.8      -2.0           
02:00:07  283       +0.83     -0.06     +0.12     +2.5      -2.0           
02:00:29  284       -0.64     -0.06     -0.09     +2.2      -2.0           
02:00:50  285       -0.03     +0.06     +0.08     +2.4      -2.0           
02:01:11  286       -0.19     +0.14     -0.18     +2.3      -2.0           
02:01:33  287       +1.03     -0.07     -0.18     +2.8      -2.0           
02:01:54  288       -1.35     -0.07     +0.34     +2.6      -2.0           
02:02:17  289       -0.81     +0.09     +0.18     +2.3      -2.0           
02:02:38  290       -0.53     +0.10     +0.01     +2.7      -2.0           
02:03:00  291       -0.69     -0.19     -0.00     +2.4      -2.0           
02:03:21  292       +0.62     +0.14     +0.07     +2.5      -2.0           
02:03:42  293       +1.25     -0.06     -0.12     +2.5      -2.0           
02:04:02  294       +0.73     -0.03     -0.35     +2.2      -2.0           
02:04:23  295       +0.96     +0.02     +0.03     +2.4      -2.0           
02:04:44  296       -0.75     +0.04     -0.08     +2.2      -2.0           
02:05:05  297       +0.39     -0.06     -0.07     +2.2      -2.0           
02:05:26  298       +1.66     +0.07     -1.67     +2.2      -2.0           
02:05:46  299       -0.55     -0.11     -0.02     +2.5      -2.0           
02:06:07  300       +0.86     +0.18     +0.41     +2.6      -2.0           
02:06:28  301       -0.07     -0.20     -0.07     +2.5      -2.0           
02:06:49  302       +0.07     -0.24     -0.14     +2.3      -2.0           
02:07:10  303       -1.03     +0.00     +0.07     +2.3      -2.0           
02:07:32  304       +1.61     +0.12     -0.10     +2.1      -2.0           
02:07:53  305       -0.73     -0.05     +0.10     +2.1      -2.0           
02:08:14  306       -0.48     +0.07     +0.12     +2.3      -2.0           
02:08:35  307       +0.00     +0.09     -0.25     +2.4      -2.0           
02:09:00  308       +0.20     +0.01     +0.12     +2.4      -2.0           
02:09:20  309       -0.29     +0.00     -0.06     +2.2      -2.0           
02:09:42  310       +0.14     -0.05     -0.06     +2.2      -2.0           
02:10:03  311       -1.42     -0.11     +0.38     +2.5      -2.0           
02:10:22  312       -0.71     +0.18     -0.19     +2.2      -2.0           
02:10:43  313       +0.69     -0.15     -0.39     +2.1      -2.0           
02:11:03  314       +1.07     -0.06     +0.07     +2.3      -2.0           
02:11:24  315       +0.04     +0.06     +0.24     +2.4      -2.0           
02:11:45  316       -0.09     -0.10     -0.29     +2.3      -2.0           
02:12:06  317       -1.21     +0.06     -0.10     +2.4      -2.0           
02:12:27  318       +0.46     +0.06     -0.13     +2.2      -2.0           
02:12:46  319       +1.72     -0.11     +0.00     +2.2      -2.0           
02:13:08  320       -0.52     -0.03     +0.07     +2.2      -2.0           
02:13:27  321       +0.62     +0.13     -0.08     +2.2      -2.0           
02:13:47  322       -0.34     -0.09     -0.06     +2.1      -2.0           
02:14:08  323       +0.07     +0.10     +0.11     +2.2      -2.0           
02:14:28  324       +1.02     -0.00     -0.10     +2.1      -2.0           
02:14:50  325       +0.20     -0.00     +0.35     +2.3      -2.0           
02:15:11  326       -0.59     -0.05     -0.07     +2.1      -2.0           
02:15:32  327       -0.35     +0.14     +0.12     +2.2      -2.0           
02:15:52  328       +0.19     -0.07     -0.03     +2.3      -2.0           
02:16:13  329       +1.47     -0.06     -0.32     +2.0      -2.0           
02:16:33  330       +0.08     -0.13     -0.04     +2.0      -2.0           
02:16:54  331       -1.32     +0.05     +0.03     +2.0      -2.0           
02:17:16  332       +0.87     +0.14     +0.12     +2.1      -2.0           
02:17:37  333       -2.28     -0.03     +0.21     +1.9      -2.0           
02:17:58  334       +0.53     +0.00     +0.14     +1.9      -2.0           
02:18:19  335       +0.71     -0.10     -0.02     +1.9      -2.0           
02:18:39  336       +0.36     +0.03     -0.07     +1.9      -2.0           
02:19:00  337       -1.22     +0.12     -0.11     +1.8      -2.0           
02:19:21  338       -0.35     -0.02     -0.17     +1.9      -2.0           
02:19:42  339       +0.35     -0.00     -0.13     +2.1      -2.0           
02:20:04  340       +0.99     -0.14     +0.31     +2.1      -2.0           
02:20:40  342       +0.43     +0.13     +0.03     +2.0      -4.0           
02:21:04  343       -0.35     +0.10     -0.56     +1.9      -4.0           
02:21:26  344       +0.33     +0.05     -0.11     +1.9      -4.0           
02:21:47  345       +0.05     -0.04     -0.06     +1.8      -4.0           
02:22:08  346       +0.15     +1.24     +0.77     +1.8      -4.0           
02:22:28  347       -0.53     +0.04     -0.13     +1.8      -4.0           
02:22:48  348       -0.92     -0.09     +0.07     +1.8      -4.0           
02:23:09  349       +1.55     +0.11     -0.05     +1.8      -4.0           
02:23:30  350       -0.22     -0.04     +0.04     +1.8      -4.0           
02:23:51  351       +1.31     -0.10     +0.01     +1.9      -4.0           
02:24:12  352       -1.46     +0.06     +0.06     +1.8      -4.0           
02:24:33  353       -0.78     +0.09     -0.03     +1.8      -4.0           
02:24:54  354       +0.67     +0.03     +0.03     +1.9      -4.0           
02:25:15  355       +0.75     -0.02     +0.13     +1.9      -4.0           
02:25:37  356       +0.44     +0.06     +0.03     +1.9      -4.0           
02:25:59  357       +0.54     -0.09     -0.06     +1.9      -4.0           
02:26:20  358       -1.46     +0.00     +0.05     +1.9      -4.0           
02:26:39  359       -0.32     +0.00     -0.14     +1.9      -4.0           
02:27:01  360       +0.40     -0.13     +0.16     +1.8      -4.0           
02:27:22  361       +0.49     +0.08     +0.01     +1.8      -4.0           
02:27:44  362       -0.87     +0.05     +0.01     +1.8      -4.0           
02:28:06  363       +0.42     -0.11     +0.04     +1.9      -4.0           
02:28:27  364       +0.35     -0.03     -0.10     +2.0      -4.0           
02:28:48  365       -0.60     -0.04     +0.02     +1.8      -4.0           
02:29:09  366       -0.57     -0.01     +0.10     +1.9      -4.0           
02:29:31  367       -0.04     -0.15     -0.31     +2.0      -4.0           
02:29:52  368       +0.90     -0.13     +0.02     +1.9      -4.0           
02:30:14  369       -0.72     -0.14     -0.01     +1.8      -4.0           
02:30:34  370       -0.91     +0.11     -0.07     +1.8      -4.0           
02:31:01  371       +0.48     +0.15     +0.13     +1.7      -4.0           
02:31:22  372       +0.76     +0.00     -0.04     +1.7      -4.0           
02:31:44  373       +0.17     -0.05     -0.03     +1.7      -4.0           
02:32:05  374       -0.32     -0.09     +0.03     +1.7      -4.0           
02:32:26  375       +0.45     +0.15     +0.03     +1.8      -4.0           
02:32:48  376       +1.25     +0.03     +0.01     +1.8      -4.0           
02:33:11  377       +0.36     -0.06     +0.06     +1.8      -4.0           
02:33:32  378       -0.36     +0.08     -0.20     +1.7      -4.0           
02:33:54  379       +0.55     -0.04     -0.03     +1.7      -4.0           
02:34:15  380       -1.11     +0.10     +0.03     +1.6      -4.0           
02:34:36  381       +0.12     +0.03     -0.08     +1.6      -4.0           
02:35:01  382       +0.47     -0.07     -0.16     +1.7      -4.0           
02:35:22  383       -0.62     +0.04     -0.09     +1.7      -4.0           
02:35:43  384       -0.15     -0.06     -0.01     +1.7      -4.0           
02:36:05  385       +0.55     +0.01     -0.01     +1.6      -4.0           
02:36:26  386       -0.29     -0.06     -0.02     +1.5      -4.0           
02:36:48  387       -0.09     +0.09     +0.24     +1.6      -4.0           
02:37:08  388       +0.03     +0.06     +0.11     +1.5      -4.0           
02:37:28  389       +0.39     +0.17     +0.11     +1.5      -4.0           
02:37:48  390       +0.75     +0.00     +0.05     +1.6      -4.0           
02:38:10  391       -0.99     +0.00     -0.08     +1.7      -4.0           
02:38:31  392       -0.79     -0.09     +0.00     +1.6      -4.0           
02:38:52  393       +1.40     +0.08     -0.07     +1.6      -4.0           
02:39:00  394       +0.48     +0.02     -0.05     +1.6      -4.0           
02:39:08  395       -1.57     -0.12     -0.04     +1.6      -4.0           
02:39:16  396       -0.89     -0.01     +0.15     +1.6      -4.0           
02:39:25  397       -1.10     -0.82     +0.20     +1.6      -4.0           
02:39:33  398       -0.28     -0.11     -0.04     +1.6      -4.0           
02:39:41  399       +1.68     +0.01     -0.12     +1.6      -4.0           
02:57:39  402       -0.90     +0.69     -0.44     +1.3      -4.0           
02:57:49  403       -37.46    -0.78     -1.02     +1.3      -4.0           
02:57:59  404       +32.60    -0.61     -2.61     +1.4      -4.0           
02:58:18  406       -11.16    -0.94     -4.03     +1.6      -4.0           
02:58:28  407       -13.02    -1.13     -3.91     +2.0      -4.0           
02:58:38  408       -27.15    +0.24     -2.49     +2.5      -4.0           
02:58:49  409       -13.08    +0.04     -0.13     +2.2      -4.0           
02:58:59  410       -3.85     +0.81     +0.39     +2.0      -4.0           
02:59:09  411       -0.80     +0.79     +0.69     +1.9      -4.0           
02:59:20  412       +1.43     +0.77     +0.59     +1.7      -4.0           
02:59:36  413       -1.07     -0.64     +0.74     +1.6      -4.0           
02:59:52  414       +0.87     +0.00     +0.06     +1.6      -4.0           
03:00:28  416       +0.19     +0.13     +0.14     +1.7      -1.0           
03:00:49  417       -0.71     -0.66     +0.47     +1.8      -1.0           
03:01:10  418       -0.62     -0.29     +0.04     +1.7      -1.0           
03:01:31  419       -0.22     -0.01     -0.00     +1.6      -1.0           
03:01:52  420       -1.33     -0.04     -0.02     +1.6      -1.0           
03:02:11  421       +0.24     +0.06     +0.08     +1.6      -1.0           
03:02:33  422       -0.66     -0.01     -0.02     +1.6      -1.0           
03:02:54  423       +0.41     -0.01     -0.05     +1.7      -1.0           
03:03:13  424       +0.74     -0.03     +0.16     +1.6      -1.0           
03:03:34  425       +0.61     -0.05     -0.16     +1.8      -1.0           
03:04:00  426       +1.76     -0.01     -0.06     +1.8      -1.0           
03:04:21  427       +0.50     +0.18     +0.01     +1.9      -1.0           
03:04:42  428       -0.34     -0.26     +0.07     +1.7      -1.0           
03:05:03  429       -0.90     -0.04     -0.00     +1.8      -1.0           
03:05:25  430       +0.59     +0.07     -0.00     +1.7      -1.0           
03:05:46  431       -0.50     +0.07     -0.05     +1.6      -1.0           
03:06:07  432       +0.63     +0.07     +0.06     +1.6      -1.0           
03:06:25  433       -0.36     -0.00     -0.20     +1.5      -1.0           
03:06:43  434       -0.40     -0.08     -0.09     +1.6      -1.0           
03:07:01  435       -0.54     +0.05     +0.05     +1.7      -1.0           
03:07:19  436       +1.60     +0.01     +0.22     +1.6      -1.0           
03:07:37  437       +0.94     -0.03     -0.10     +1.5      -1.0           
03:07:59  438       +1.09     +0.04     +0.00     +1.5      -1.0           
03:08:20  439       -0.76     +0.03     +0.10     +1.6      -1.0           
03:08:56  441       -1.74     -0.08     -0.04     +1.6      -4.0           
03:09:23  442       +1.24     +0.55     -0.41     +1.5      -4.0           
03:09:44  443       +0.62     +0.17     -0.18     +1.5      -4.0           
03:10:07  444       -0.64     +0.08     -0.05     +1.4      -4.0           
03:10:28  445       -0.24     -0.08     -0.03     +1.5      -4.0           
03:10:49  446       -0.73     +0.02     +0.07     +1.4      -4.0           
03:11:10  447       +0.82     -0.03     +0.02     +1.5      -4.0           
03:11:31  448       +0.24     +0.01     +0.12     +1.6      -4.0           
03:11:52  449       -1.37     -0.00     -0.16     +1.6      -4.0           
03:12:13  450       +1.34     -0.03     -0.02     +1.6      -4.0           
03:12:34  451       -0.02     -0.06     +0.00     +1.6      -4.0           
03:13:01  452       -0.09     -0.14     +0.10     +1.6      -4.0           
03:13:20  453       +0.63     +0.07     +0.05     +1.5      -4.0           
03:13:41  454       -0.39     -0.03     +0.07     +1.5      -4.0           
03:14:03  455       -0.46     +0.07     -0.04     +1.4      -4.0           
03:14:22  456       -0.30     -0.10     -0.06     +1.5      -4.0           
03:14:43  457       +0.41     +0.13     -0.07     +1.5      -4.0           
03:15:04  458       +0.20     -0.00     -1.39     +1.6      -4.0           
03:15:24  459       +0.52     -0.06     +0.02     +1.7      -4.0           
03:15:58  461       -0.90     +0.24     -0.18     +1.8      -6.0           
03:16:19  462       +0.41     +0.09     +0.02     +1.7      -6.0           
03:16:40  463       -0.46     -0.00     -0.14     +1.7      -6.0           
03:17:01  464       +0.21     +0.04     -0.05     +1.8      -6.0           
03:17:22  465       +0.69     -0.04     -0.03     +1.6      -6.0           
03:17:45  466       +1.52     +0.10     -0.01     +1.5      -6.0           
03:18:04  467       -1.32     -0.05     -0.06     +1.5      -6.0           
03:18:25  468       +0.12     -0.03     -0.05     +1.6      -6.0           
03:18:47  469       +1.82     -0.03     -0.02     +1.5      -6.0           
03:19:08  470       -0.20     +0.04     -0.03     +1.5      -6.0           
03:19:28  471       -1.00     +0.02     +0.11     +1.7      -6.0           
03:19:49  472       -0.59     +0.05     -0.01     +1.6      -6.0           
03:20:10  473       -0.52     -0.03     -0.11     +1.6      -6.0           
03:20:32  474       +0.86     -0.02     +0.10     +1.6      -6.0           
03:20:53  475       -0.54     +0.06     -0.09     +1.7      -6.0           
03:21:14  476       +0.02     +0.09     +0.08     +1.8      -6.0           
03:21:34  477       -0.14     +0.06     -0.00     +1.8      -6.0           
03:21:58  478       +0.95     +0.00     -0.11     +1.6      -6.0           
03:22:18  479       -0.46     -0.00     +0.07     +1.6      -6.0           
03:22:54  481       +0.42     +0.37     -0.70     +1.6      -9.0           
03:23:16  482       -0.81     +0.20     -0.61     +1.5      -9.0           
03:23:37  483       -0.54     -0.09     -0.01     +1.5      -9.0           
03:23:57  484       +0.89     +0.07     +0.16     +1.7      -9.0           
03:24:18  485       -0.44     +0.13     +0.03     +1.8      -9.0           
03:24:39  486       -0.54     -0.16     -0.14     +1.9      -9.0           
03:24:59  487       -0.08     -0.02     +0.07     +1.4      -9.0           
03:25:21  488       -1.73     +0.16     +0.02     +1.6      -9.0           
03:25:42  489       +1.54     +0.12     +0.08     +1.6      -9.0           
03:26:03  490       +0.93     +0.02     +0.22     +1.5      -9.0           
03:26:23  491       -0.02     +0.08     +0.12     +1.5      -9.0           
03:26:44  492       +0.04     +0.05     +0.01     +1.4      -9.0           
03:27:07  493       +0.30     -0.10     +0.09     +1.6      -9.0           
03:27:26  494       +0.49     -0.06     -0.09     +1.5      -9.0           
03:27:44  495       -1.41     -0.26     +0.15     +1.7      -9.0           
03:28:05  496       +0.80     +0.06     -0.14     +1.6      -9.0           
03:28:26  497       +1.02     +0.07     -0.03     +1.7      -9.0           
03:28:47  498       +0.55     +0.02     +0.05     +1.7      -9.0           
03:29:08  499       -0.30     -0.02     -0.07     +1.5      -9.0           
03:29:30  500       +0.30     -0.10     +0.10     +1.6      -9.0           
03:30:05  502       -0.67     +0.01     +0.03     +1.6      -12.0          
03:30:37  503       +0.33     +0.04     -0.36     +1.5      -12.0          
03:31:00  504       +0.44     -0.03     +0.06     +1.9      -12.0          
03:31:21  505       -1.57     -0.00     +0.02     +1.7      -12.0          
03:31:41  506       +1.09     +1.26     +0.84     +1.6      -12.0          
03:32:00  507       -1.90     +0.03     -0.12     +1.6      -12.0          
03:32:21  508       -1.53     -0.17     +0.16     +1.8      -12.0          
03:32:40  509       +0.78     +0.10     -0.07     +1.9      -12.0          
03:33:00  510       +0.50     -0.06     -0.04     +1.8      -12.0          
03:33:20  511       -0.28     +0.04     +0.02     +2.0      -12.0          
03:33:41  512       +0.68     -0.14     -0.06     +1.9      -12.0          
03:34:03  513       +0.72     +0.03     +0.01     +2.0      -12.0          
03:34:23  514       +0.96     -0.09     +0.16     +1.7      -12.0          
03:34:44  515       -0.17     +0.00     -0.17     +1.9      -12.0          
03:35:03  516       -0.19     -0.11     +0.11     +1.8      -12.0          
03:35:24  517       -0.31     -0.16     +0.08     +1.9      -12.0          
03:35:45  518       +0.57     +0.22     +0.02     +1.8      -12.0          
03:36:06  519       -0.25     +0.04     -0.08     +1.7      -12.0          
03:36:27  520       -0.35     +0.02     +0.06     +1.8      -12.0          
03:36:48  521       +0.25     +0.04     +0.02     +2.1      -12.0          
03:37:09  522       -1.52     -0.22     -0.22     +2.0      -12.0          
03:37:30  523       +1.30     -0.00     +0.42     +2.5      -12.0          
03:37:51  524       +0.19     +0.09     -0.12     +2.2      -12.0          
03:38:12  525       -1.03     +0.02     +0.07     +1.9      -12.0          
03:38:33  526       -0.51     +0.09     +0.23     +2.5      -12.0          
03:38:55  527       -0.69     -0.12     +0.08     +2.3      -12.0          
03:39:16  528       +1.24     +0.23     -0.34     +2.6      -12.0          
03:39:37  529       -1.11     -0.15     -0.00     +2.8      -12.0          
03:39:58  530       +1.84     -0.08     +0.14     +2.9      -12.0          
03:40:19  531       -1.58     +0.03     +0.04     +2.5      -12.0          
03:40:41  532       -0.87     -0.18     +0.02     +2.4      -12.0          
03:41:02  533       +0.95     -0.26     +0.11     +3.0      -12.0          
03:41:24  534       +0.45     +0.18     -0.40     +2.8      -12.0          
03:41:45  535       +1.37     +0.18     -0.13     +2.3      -12.0          
03:42:06  536       +0.32     +0.09     +0.14     +2.5      -12.0          
03:42:28  537       -0.65     -0.07     +0.05     +2.2      -12.0          
03:42:49  538       +0.76     +0.02     -0.16     +2.6      -12.0          
03:43:10  539       -0.94     -0.09     -0.03     +2.3      -12.0          
03:43:29  540       -0.79     -0.06     +0.06     +2.5      -12.0          
03:43:51  541       +0.27     -0.23     +0.21     +2.7      -12.0          
03:44:13  542       +0.45     -0.24     -0.43     +2.8      -12.0          
03:44:35  543       -0.05     +0.18     +0.31     +1.9      -12.0          
03:45:00  544       -0.16     +0.11     +0.30     +2.3      -12.0          
03:45:21  545       +0.41     -0.19     +0.48     +2.9      -12.0          
03:45:42  546       +0.65     +0.38     -0.16     +2.5      -12.0          
03:46:03  547       -0.73     -0.34     -0.11     +2.4      -12.0          
03:46:25  548       -0.38     -0.20     -0.20     +2.3      -12.0          
03:46:46  549       -0.12     +0.06     -0.07     +2.2      -12.0          
03:47:07  550       -1.12     -0.00     +0.16     +2.2      -12.0          
03:47:29  551       +0.48     +0.09     +0.23     +2.2      -12.0          
03:47:49  552       +0.77     -1.31     +0.69     +2.3      -12.0          
03:48:10  553       +1.11     +0.03     -0.21     +2.2      -12.0          
03:48:31  554       +1.88     -0.21     +0.11     +2.1      -12.0          
03:48:52  555       +0.52     +0.01     +0.05     +2.2      -12.0          
03:49:14  556       +0.49     +0.04     -0.07     +1.9      -12.0          
03:49:33  557       +0.53     +0.21     -0.07     +2.0      -12.0          
03:50:01  558       -0.34     -0.08     +0.14     +2.1      -12.0          
03:50:22  559       -1.66     +0.16     -0.14     +2.1      -12.0          
03:50:43  560       -0.56     -0.04     +0.13     +1.9      -12.0          
03:51:03  561       +0.12     -0.12     -0.11     +1.7      -12.0          
03:51:24  562       -0.60     -0.15     -0.08     +2.1      -12.0          
03:51:45  563       +0.55     -0.17     +0.10     +2.2      -12.0          
03:52:07  564       -0.06     -0.06     +0.17     +2.3      -12.0          
03:52:27  565       +0.28     +0.20     +0.09     +2.2      -12.0          
03:52:48  566       +0.20     -0.10     -0.06     +1.9      -12.0          
03:53:06  567       -0.50     +0.28     -0.09     +2.0      -12.0          
03:53:28  568       +0.14     -0.15     -0.02     +2.2      -12.0          
03:53:49  569       +0.23     -0.03     +0.11     +1.8      -12.0          
03:54:10  570       +0.04     -0.03     -0.01     +1.8      -12.0          
03:54:31  571       -0.17     +0.11     +0.19     +2.0      -12.0          
03:54:53  572       -0.95     -0.07     -0.09     +2.1      -12.0          
03:55:13  573       +0.39     -0.19     +0.47     +3.0      -12.0          
03:55:34  574       +0.36     +0.15     -0.29     +2.1      -12.0          
03:55:58  575       -0.11     +0.06     +0.10     +2.1      -12.0          
03:56:19  576       +0.19     -0.12     -0.41     +2.2      -12.0          
03:56:40  577       -0.65     +0.11     +0.03     +1.9      -12.0          
03:57:01  578       -0.89     +0.02     +0.04     +2.0      -12.0          
03:57:22  579       +1.54     +0.18     +0.24     +2.4      -12.0          
03:57:44  580       -1.22     +0.02     -0.03     +2.4      -12.0          
03:58:19  582       +0.94     -0.33     -0.04     +2.4      -15.0          
03:58:46  583       -0.97     +0.20     -0.72     +2.4      -15.0          
03:59:08  584       +0.76     +0.16     -0.25     +2.1      -15.0          
03:59:29  585       -0.68     +0.01     +0.25     +1.9      -15.0          
03:59:51  586       +1.11     +0.24     -0.06     +2.9      -15.0          
04:00:12  587       -1.03     -0.35     -0.13     +2.4      -15.0          
04:00:34  588       +1.17     +0.29     +0.29     +2.3      -15.0          
04:01:00  589       -0.54     -0.08     +0.32     +2.6      -15.0          
04:01:19  590       +0.36     +0.15     +0.05     +2.6      -15.0          
04:01:39  591       +0.09     -0.14     -0.06     +2.7      -15.0          
04:02:00  592       -0.50     +0.26     +0.03     +2.5      -15.0          
04:02:23  593       -1.05     +0.04     -0.33     +2.6      -15.0          
04:02:44  594       -0.11     -0.06     +0.14     +2.2      -15.0          
04:03:05  595       +0.93     +0.08     +0.12     +2.2      -15.0          
04:03:26  596       +0.50     -0.16     +0.39     +2.9      -15.0          
04:03:47  597       +0.08     -0.06     +0.05     +2.3      -15.0          
04:04:07  598       +0.02     +0.19     -0.25     +2.7      -15.0          
04:04:28  599       +0.65     -0.11     -1.13     +2.8      -15.0          
04:04:49  600       -0.13     -0.01     +0.10     +2.4      -15.0          
04:05:10  601       +0.15     -0.01     -0.14     +2.0      -15.0          
04:05:29  602       -0.43     -0.24     +0.08     +2.6      -15.0          
04:05:52  603       +0.33     +0.01     -0.31     +2.4      -15.0          
04:06:14  604       +0.60     -0.04     -0.14     +1.9      -15.0          
04:06:34  605       +0.38     -0.09     +0.12     +2.1      -15.0          
04:07:00  606       -0.14     -0.10     +0.14     +1.7      -15.0          
04:07:21  607       -0.11     +0.09     +0.17     +1.7      -15.0          
04:07:41  608       +0.93     +0.24     -0.06     +1.8      -15.0          
04:08:01  609       +0.24     +0.09     +0.11     +1.8      -15.0          
04:08:19  610       -0.65     -0.20     -0.19     +1.7      -15.0          
04:08:40  611       -1.03     -0.09     -0.00     +1.7      -15.0          
04:09:01  612       +0.52     +0.03     -0.05     +1.6      -15.0          
04:09:21  613       +0.01     +0.06     -0.02     +1.6      -15.0          
04:09:42  614       -0.52     +0.03     +0.09     +1.7      -15.0          
04:10:03  615       +0.16     -0.04     +0.19     +2.0      -15.0          
04:10:24  616       -0.36     -0.15     -0.02     +1.9      -15.0          
04:10:44  617       +0.66     -0.03     -0.04     +1.9      -15.0          
04:11:05  618       -0.52     +0.17     -0.02     +1.7      -15.0          
04:11:25  619       -0.37     -0.03     +0.26     +1.6      -15.0          
04:11:46  620       +0.35     -0.02     +0.02     +1.6      -15.0          
04:12:07  621       +0.36     -0.02     -0.09     +1.5      -15.0          
04:12:28  622       +0.37     +0.10     -0.08     +1.6      -15.0          
04:12:46  623       +0.42     +0.05     +0.04     +1.7      -15.0          
04:13:06  624       -0.89     -0.07     +0.07     +1.7      -15.0          
04:13:27  625       +0.09     +0.05     +0.16     +1.8      -15.0          
04:13:48  626       -1.22     -0.19     -0.13     +1.6      -15.0          
04:14:07  627       +0.53     -0.05     -0.05     +1.6      -15.0          
04:14:28  628       +0.12     +0.00     -0.07     +1.9      -15.0          
04:14:49  629       +0.93     +0.13     +0.06     +2.2      -15.0          
04:15:10  630       -0.21     +0.05     +0.10     +2.3      -15.0          
04:15:29  631       +0.53     +0.20     -0.15     +2.2      -15.0          
04:15:49  632       -1.01     -0.13     +0.05     +2.4      -15.0          
04:16:11  633       +0.45     -0.07     +0.15     +2.8      -15.0          
04:16:32  634       +0.10     -0.18     -0.04     +2.6      -15.0          
04:16:52  635       -0.68     -0.13     +0.05     +2.6      -15.0          
04:17:13  636       -0.54     -0.11     -0.38     +2.0      -15.0          
04:17:34  637       +1.24     -0.02     -0.02     +2.4      -15.0          
04:17:57  638       +0.26     +0.12     +0.13     +2.4      -15.0          
04:18:18  639       -0.27     -0.11     -0.01     +2.3      -15.0          
04:18:39  640       -0.70     +0.02     +0.17     +1.8      -15.0          
04:19:00  641       +0.57     +0.23     +0.28     +2.8      -15.0          
04:19:21  642       -0.57     -0.21     -0.19     +2.2      -15.0          
04:19:42  643       +1.16     -0.08     +0.18     +2.2      -15.0          
04:20:03  644       -1.09     -0.10     +0.16     +2.7      -15.0          
04:20:24  645       -0.34     +0.06     -0.17     +2.7      -15.0          
04:20:45  646       +0.20     +1.16     +0.71     +1.7      -15.0          
04:21:06  647       -0.06     +0.01     +0.11     +2.1      -15.0          
04:21:26  648       -0.61     -0.12     +0.08     +1.8      -15.0          
04:21:47  649       -0.54     -0.11     +0.04     +1.8      -15.0          
04:22:23  651       -0.25     -0.04     -0.04     +1.9      -13.0          
04:22:48  652       +0.49     -0.02     +0.53     +2.3      -13.0          
04:23:09  653       -0.15     +0.10     +0.13     +2.1      -13.0          
04:23:30  654       -0.41     -0.19     -0.00     +2.0      -13.0          
04:23:52  655       -0.18     -0.23     -0.20     +2.3      -13.0          
04:24:14  656       +0.56     +0.54     +0.23     +2.5      -13.0          
04:24:35  657       +1.28     -0.10     -0.08     +2.4      -13.0          
04:25:01  658       +0.55     -0.27     -0.03     +2.5      -13.0          
04:25:22  659       -0.69     -0.46     -0.00     +2.5      -13.0          
04:25:43  660       +0.36     +0.03     -0.13     +2.6      -13.0          
04:26:04  661       +0.95     +0.06     +0.16     +2.1      -13.0          
04:26:24  662       +0.37     -0.10     -0.02     +2.8      -13.0          
04:26:46  663       -1.31     +0.21     -0.01     +2.4      -13.0          
04:27:07  664       -0.07     -0.08     -0.00     +2.1      -13.0          
04:27:28  665       +0.34     +0.04     -0.06     +2.1      -13.0          
04:27:49  666       +0.96     +0.09     +0.47     +2.7      -13.0          
04:28:10  667       -0.32     -0.02     -0.07     +2.5      -13.0          
04:28:31  668       +0.14     -0.17     -0.14     +3.0      -13.0          
04:28:52  669       +0.08     -0.25     -0.09     +2.4      -13.0          
04:29:10  670       -0.50     -0.15     -0.35     +2.3      -13.0          
04:29:31  671       +0.64     +0.01     +0.22     +2.4      -13.0          
04:29:51  672       -1.06     -0.25     -0.12     +2.7      -13.0          
04:30:12  673       +0.50     +0.06     -0.14     +2.7      -13.0          
04:30:33  674       -0.67     +0.06     +0.32     +2.2      -13.0          
04:30:54  675       +0.62     -0.17     -0.18     +2.5      -13.0          
04:31:15  676       -0.07     -0.06     -0.20     +2.6      -13.0          
04:31:37  677       -0.69     -0.00     +0.44     +2.9      -13.0          
04:32:00  678       +0.96     +0.38     -0.03     +2.9      -13.0          
04:32:20  679       -0.89     -0.07     +0.87     +3.6      -13.0          
04:32:41  680       +1.13     +0.06     -0.31     +2.5      -13.0          
04:33:01  681       -0.74     +0.11     -0.28     +2.1      -13.0          
04:33:22  682       -0.68     +0.01     +0.27     +2.3      -13.0          
04:33:43  683       -0.74     +0.19     -0.21     +2.3      -13.0          
04:34:03  684       +0.64     -0.04     +0.20     +2.0      -13.0          
04:34:25  685       -0.51     -0.17     -0.13     +1.8      -13.0          
04:34:45  686       -0.24     -0.11     +0.09     +1.7      -13.0          
04:35:07  687       +0.72     -0.06     -0.03     +1.9      -13.0          
04:35:26  688       +0.48     +0.00     -0.21     +1.7      -13.0          
04:35:47  689       -0.93     -0.11     +0.03     +2.1      -13.0          
04:36:07  690       +0.26     -0.08     -0.01     +1.9      -13.0          
04:36:28  691       -0.60     -0.01     -0.19     +1.9      -13.0          
04:36:48  692       +1.23     +0.04     +0.06     +1.7      -13.0          
04:37:09  693       -0.26     -0.20     +0.03     +2.0      -13.0          
04:37:30  694       -0.34     +0.21     -0.02     +1.8      -13.0          
04:37:51  695       +0.21     +0.19     +0.14     +2.0      -13.0          
04:38:05  696       -0.93     -0.04     -0.06     +1.8      -13.0          
04:38:19  697       +0.79     -0.65     +0.00     +1.7      -13.0          
04:38:32  698       +0.62     +0.02     -0.00     +1.9      -13.0          
04:55:28  701       -11.16    +3.10     -1.59     +1.8      -13.0          
04:55:38  702       +0.00     +3.14     -1.57     +0.0      -13.0          
04:55:48  703       -9.22     -0.31     +0.05     +2.2      -13.0          
04:55:58  704       -10.51    +0.47     -0.24     +2.1      -13.0          
04:56:19  706       -4.77     +0.70     -0.70     +2.0      -15.0          
04:56:29  707       -3.50     -0.68     +0.68     +1.9      -15.0          
04:56:44  708       -5.24     +0.05     +0.21     +1.8      -15.0          
04:57:00  709       -2.55     +0.26     +0.26     +2.0      -15.0          
04:57:17  710       -3.31     +0.20     -0.39     +2.4      -15.0          
04:57:43  712       -1.45     -0.37     +0.07     +2.5      -17.0          
04:58:04  713       +2.57     +0.26     -0.34     +2.2      -17.0          
04:58:20  714       +0.42     -0.25     +0.04     +2.3      -17.0          
04:58:42  715       -0.21     +0.23     +0.01     +2.4      -17.0          
04:59:01  716       +1.24     +0.02     +0.09     +2.1      -17.0          
04:59:22  717       +0.80     -0.05     +0.08     +2.1      -17.0          
04:59:43  718       -1.54     +0.01     -0.21     +1.9      -17.0          
05:00:04  719       +1.46     -0.15     +0.30     +2.1      -17.0          
05:00:25  720       -0.02     +0.36     +0.27     +2.0      -17.0          
05:00:46  721       -0.41     +0.37     +0.25     +2.3      -17.0          
05:01:05  722       +0.06     +0.28     +0.06     +2.1      -17.0          
05:01:26  723       -0.53     -0.21     +0.01     +2.2      -17.0          
05:01:47  724       -0.25     -0.66     -0.16     +2.3      -17.0          
05:02:08  725       +0.27     +0.07     -0.29     +2.0      -17.0          
05:02:29  726       -0.62     +0.08     +0.13     +2.0      -17.0          
05:02:50  727       +0.48     +0.13     +0.08     +1.9      -17.0          
05:03:11  728       -2.45     -0.14     -0.32     +1.9      -17.0          
05:03:31  729       +0.88     -0.09     +0.01     +1.9      -17.0          
05:03:52  730       +0.76     -0.11     -0.16     +2.0      -17.0          
05:04:14  731       +1.04     -0.08     -0.15     +2.1      -17.0          
05:04:36  732       +0.67     +0.01     +0.09     +2.0      -17.0          
05:05:00  733       +0.90     +0.06     +0.20     +2.2      -17.0          
05:05:20  734       -1.46     -0.13     -0.30     +2.1      -17.0          
05:05:40  735       +0.66     +0.03     -0.07     +1.9      -17.0          
05:06:02  736       +0.39     +0.12     +0.23     +1.7      -17.0          
05:06:21  737       +0.70     -0.03     +0.57     +2.2      -17.0          
05:06:42  738       -0.01     +0.21     +0.01     +2.0      -17.0          
05:07:02  739       -0.02     +0.02     -0.03     +1.8      -17.0          
05:07:23  740       -0.96     -0.09     -0.12     +1.8      -17.0          
05:07:42  741       -0.53     +0.06     -0.09     +1.8      -17.0          
05:08:04  742       +0.49     -0.09     +0.14     +1.7      -17.0          
05:08:25  743       -0.69     +0.03     -0.10     +1.7      -17.0          
05:08:46  744       -0.56     +0.03     +0.00     +1.6      -17.0          
05:09:07  745       -0.56     +0.32     -0.19     +2.1      -17.0          
05:09:28  746       +0.89     -0.37     +0.16     +2.0      -17.0          
05:09:47  747       -0.23     +0.08     -0.03     +1.9      -17.0          
05:10:09  748       -0.07     +0.19     -0.02     +1.6      -17.0          
05:10:29  749       +0.13     +0.03     -0.00     +1.8      -17.0          
05:10:50  750       +0.58     +0.01     +0.02     +2.1      -17.0          
05:11:26  752       +2.91     -0.14     +0.15     +2.5      -15.0          
05:11:52  753       +2.28     -0.31     -1.33     +2.4      -15.0          
05:12:13  754       -0.79     -0.09     -0.17     +2.0      -15.0          
05:12:35  755       -0.33     +0.01     -0.12     +2.2      -15.0          
05:13:00  756       +1.48     -0.33     +0.13     +2.3      -15.0          
05:13:21  757       -0.58     -0.13     +0.36     +2.4      -15.0          
05:13:43  758       +0.04     -0.52     +0.05     +2.3      -15.0          
05:14:02  759       +0.69     +0.20     +0.01     +2.3      -15.0          
05:14:23  760       +0.11     +0.22     -0.04     +2.6      -15.0          
05:14:44  761       -1.16     +0.25     +0.23     +2.7      -15.0          
05:15:06  762       +0.87     +0.12     -0.09     +2.1      -15.0          
05:15:27  763       +0.57     +0.23     +0.03     +2.0      -15.0          
05:15:47  764       -0.91     +0.28     -0.04     +1.9      -15.0          
05:16:09  765       -0.67     +0.34     +0.17     +2.3      -15.0          
05:16:30  766       +0.85     +0.38     -0.13     +2.5      -15.0          
05:16:51  767       +1.17     -0.11     -0.04     +2.3      -15.0          
05:17:13  768       +0.03     -0.19     -0.25     +2.0      -15.0          
05:17:35  769       +2.39     -0.10     +0.04     +2.4      -15.0          
05:17:57  770       -2.62     -0.63     +0.02     +2.0      -15.0          
05:18:17  771       -2.82     -0.23     -0.19     +2.0      -15.0          
05:18:38  772       +1.56     -0.27     -0.24     +2.2      -15.0          
05:19:00  773       +0.82     -0.06     +0.07     +2.5      -15.0          
05:19:21  774       -1.28     +0.19     +0.12     +2.5      -15.0          
05:19:43  775       -0.87     -0.15     +0.12     +2.6      -15.0          
05:20:04  776       +0.36     +0.48     +0.22     +3.3      -15.0          
05:20:25  777       +0.38     -0.26     +0.32     +3.1      -15.0          
05:21:01  779       -0.56     -0.04     +0.47     +2.6      -13.0          
05:21:22  780       -0.07     +0.26     -0.32     +2.5      -13.0          
05:21:43  781       +2.15     -0.39     +0.36     +3.8      -13.0          
05:22:05  782       -0.10     -0.22     -0.04     +3.4      -13.0          
05:22:25  783       -0.86     +0.42     -0.29     +2.2      -13.0          
05:22:45  784       +0.49     +0.87     +0.28     +3.3      -13.0          
05:23:07  785       -0.21     +0.15     -0.11     +3.2      -13.0          
05:23:28  786       +0.21     -0.50     -0.45     +2.6      -13.0          
05:23:49  787       +0.15     -0.21     +0.16     +2.6      -13.0          
05:24:10  788       -0.19     -0.59     -0.42     +2.1      -13.0          
05:24:31  789       -0.37     -0.25     -0.13     +1.9      -13.0          
05:24:52  790       -0.04     -0.09     +0.11     +2.3      -13.0          
05:25:12  791       -0.87     +0.55     -0.13     +3.0      -13.0          
05:25:33  792       +1.24     -0.17     +0.34     +3.2      -13.0          
05:25:54  793       +2.00     -0.02     -0.07     +2.2      -13.0          
05:26:14  794       -1.33     -0.23     -0.15     +2.4      -13.0          
05:26:36  795       -0.43     +0.19     -0.10     +1.9      -13.0          
05:26:59  796       -1.77     +0.14     -0.05     +2.1      -13.0          
05:27:20  797       -0.82     +0.25     +0.03     +2.1      -13.0          
05:27:41  798       -0.00     -0.28     +0.10     +1.8      -13.0          
05:28:02  799       -0.31     +0.05     +0.19     +2.0      -13.0          
05:28:23  800       -0.30     +1.36     +0.70     +1.9      -13.0          
05:28:43  801       +0.11     +0.04     -0.07     +1.7      -13.0          
05:29:05  802       +9.76     -0.07     +0.14     +1.5      -13.0          
05:29:26  803       +1.78     +0.46     +0.35     +1.3      -13.0          
05:29:41  804       +1.49     +1.34     +0.07     +1.2      -13.0          
05:29:56  805       -13.28    +0.27     +0.03     +1.0      -13.0          
05:30:26  806       -27.93    +1.40     +0.46     +1.7      -13.0          
05:30:56  807       +0.67     +0.24     -0.25     +1.1      -13.0          
05:31:26  808       +3.86     +0.76     +0.13     +1.6      -13.0          
05:31:56  809       -1.64     -0.71     -0.15     +2.2      -13.0          
05:32:26  810       -3.14     -0.57     -0.45     +2.7      -13.0          
05:32:56  811       -4.12     -0.60     -0.47     +2.3      -13.0          
05:33:27  812       +1.85     -0.03     -0.01     +2.5      -13.0          
05:34:06  813       -1.76     -0.31     +0.13     +2.3      -13.0          
05:34:58  815       +5.20     +1.23     +0.17     +1.4      -14.5          
05:35:18  816       +41.11    +0.21     +0.20     +1.3      -14.5          
05:35:38  817       +9.12     +0.79     -0.24     +1.7      -14.5          
05:36:09  818       +29.52    +0.81     -0.57     +1.5      -14.5          
05:36:39  819       +56.15    +0.65     -0.20     +1.5      -14.5          
05:37:09  820       +6.46     +0.92     +0.11     +1.6      -14.5          
05:37:39  821       -12.42    +0.84     +0.39     +1.6      -14.5          
05:38:09  822       -20.80    +0.20     -0.10     +1.5      -14.5          
05:38:40  823       +37.05    +1.11     +0.48     +1.8      -14.5          
05:39:10  824       +11.12    +1.23     -0.45     +1.6      -14.5          
05:39:39  825       -0.92     -0.84     -0.74     +2.1      -14.5          
05:40:09  826       -1.20     -0.58     -0.53     +1.9      -14.5          
05:40:39  827       +36.11    +0.66     -0.01     +1.5      -14.5          
05:41:09  828       -18.20    -1.08     -0.54     +1.9      -14.5          
05:41:39  829       +37.79    +1.15     +0.34     +1.6      -14.5          
05:42:10  830       +0.03     +1.03     -0.13     +1.8      -14.5          
05:42:39  831       +9.19     +1.26     -0.36     +1.5      -14.5          
05:43:10  832       -19.93    +1.01     -0.22     +1.6      -14.5          
05:43:39  833       +31.83    +0.86     +0.52     +1.3      -14.5          
05:44:11  834       +20.81    +0.82     +0.01     +1.6      -14.5          
05:44:42  835       +18.61    +0.43     +0.54     +1.6      -14.5          
05:45:12  836       +0.10     +0.02     +0.27     +1.0      -14.5          
05:45:41  837       +23.21    +0.06     +0.32     +1.2      -14.5          
05:46:11  838       +19.15    -0.24     +1.08     +1.6      -14.5          
05:46:42  839       -1.51     -1.01     +0.71     +1.4      -14.5          
05:47:11  840       +33.62    -0.25     +0.89     +1.5      -14.5          
05:47:41  841       -4.55     -0.67     +0.57     +1.1      -14.5          
05:48:11  842       +4.00     -0.02     +0.62     +1.4      -14.5          
05:48:41  843       +2.49     -0.74     +0.65     +1.5      -14.5          
05:49:11  844       +18.77    -0.34     +1.75     +1.6      -14.5          
05:49:41  845       +53.95    -0.08     +1.05     +1.7      -14.5          
05:50:11  846       +50.37    -0.43     +0.82     +1.4      -14.5          
05:50:41  847       +8.98     -0.24     +0.21     +1.6      -14.5          
05:51:11  848       +11.22    -0.57     +0.89     +1.5      -14.5          
05:51:41  849       -2.47     -1.02     +0.87     +1.4      -14.5          
05:52:11  850       -13.47    +0.31     +0.94     +1.1      -14.5          
05:52:40  851       -1.12     -0.33     +0.39     +1.7      -14.5          
05:53:10  852       +16.67    -0.59     +0.54     +1.6      -14.5          
05:53:40  853       +25.07    -0.64     +1.27     +1.4      -14.5          
05:54:11  854       -25.60    -0.26     +0.44     +1.2      -14.5          
05:54:41  855       -27.67    -0.09     +0.73     +1.6      -14.5          
05:55:11  856       +23.61    -0.56     +1.24     +1.7      -14.5          
05:55:41  857       -38.11    -2.11     +0.61     +2.1      -14.5          
05:56:11  858       -36.88    -2.18     +0.62     +2.2      -14.5          
05:56:41  859       -10.68    -1.97     -0.14     +2.2      -14.5          
05:57:11  860       +10.96    +0.36     +0.77     +1.5      -14.5          
05:57:41  861       +21.91    -0.35     +0.53     +1.7      -14.5          
05:58:11  862       +7.74     -0.12     +0.79     +1.3      -14.5          
05:58:42  863       +15.83    -0.34     +0.64     +1.3      -14.5          
05:59:12  864       +52.22    -0.43     +0.18     +1.7      -14.5          
05:59:41  865       -9.49     -0.64     +1.05     +1.5      -14.5          
06:00:11  866       -18.68    -0.04     +0.85     +1.6      -14.5          
06:00:42  867       +14.72    -0.89     -0.05     +1.5      -14.5          
06:00:52  868       +29.46    -0.45     +1.46     +1.1      -14.5          
06:01:02  869       -39.02    -0.34     -0.29     +1.7      -14.5          
06:01:11  870       -27.48    -0.01     -0.37     +1.8      -14.5          
06:01:21  871       -23.88    +0.01     -0.38     +2.1      -14.5          
06:01:31  872       -40.46    -0.27     +1.45     +1.0      -14.5          
