# Time    Exp ID    Rot ('')  RA ('')  Dec ('')  See ('')  Scale-1 (e5)  Lurch?
#-------------------------------------------------------------------------------
02:09:57  5         +1.35     -0.25     -0.47     +2.4      +0.0           
02:10:07  6         -7.33     -1.18     -0.92     +1.9      +0.0           
02:10:17  7         +24.02    -0.30     -0.14     +1.8      +0.0           
02:10:27  8         +21.76    -0.24     -0.27     +1.4      +0.0           
02:10:37  9         +1.76     -0.62     -0.47     +1.5      +0.0           
02:10:47  10        +6.28     +0.30     -0.47     +1.6      +0.0           
02:10:57  11        -2.73     -0.19     -0.87     +1.0      +0.0           
02:11:06  12        -0.14     +0.24     -0.41     +1.5      +0.0           
02:11:16  13        -25.20    -0.60     -0.05     +1.7      +0.0           
02:11:26  14        +28.21    -0.21     -0.46     +1.0      +0.0           
02:11:36  15        +19.41    -0.03     -0.76     +1.9      +0.0           
02:11:46  16        +6.46     -0.11     -0.60     +1.9      +0.0           
02:11:56  17        -12.74    -0.68     -0.56     +1.4      +0.0           
02:12:05  18        +35.04    -0.58     -0.02     +2.1      +0.0           
02:12:15  19        -25.16    -0.69     -1.01     +2.2      +0.0           
02:12:25  20        +4.42     -0.39     -0.96     +2.1      +0.0           
02:12:57  21        -11.10    -0.29     -0.01     +2.1      +0.0           
02:13:09  22        +10.04    +0.01     -0.08     +2.2      +0.0           
02:13:22  23        +6.12     -0.65     -0.73     +2.1      +0.0           
02:13:35  24        -18.25    -0.68     -0.64     +2.2      +0.0           
02:13:47  25        -4.00     -1.07     +0.72     +2.0      +0.0           
02:14:00  26        +4.81     -0.16     -0.49     +2.1      +0.0           
02:14:12  27        -13.35    -0.52     -0.60     +2.0      +0.0           
02:14:25  28        +22.18    -0.44     -0.21     +2.1      +0.0           
02:14:37  29        +13.97    -0.62     -0.43     +1.5      +0.0           
02:14:50  30        +8.46     -0.37     -0.11     +1.9      +0.0           
02:15:02  31        +0.35     +0.02     -0.39     +1.7      +0.0           
02:15:15  32        +60.03    -0.54     -0.13     +1.8      +0.0           
02:15:28  33        +32.03    -1.03     +0.04     +2.1      +0.0           
02:15:40  34        +1.78     -0.42     -0.58     +1.8      +0.0           
02:15:53  35        +9.80     -0.73     +0.33     +2.0      +0.0           
02:16:05  36        +18.87    -0.88     -0.25     +2.1      +0.0           
02:16:18  37        -20.32    +0.10     -0.25     +1.5      +0.0           
02:16:30  38        +14.45    -0.20     -0.22     +1.8      +0.0           
02:16:43  39        +12.82    -0.34     -0.15     +1.6      +0.0           
02:16:55  40        -2.17     +0.14     -0.75     +1.9      +0.0           
02:17:08  41        -19.95    -0.44     -0.20     +1.8      +0.0           
02:17:20  42        -12.27    +0.12     -0.30     +1.9      +0.0           
02:17:32  43        -17.06    -0.60     -0.50     +1.6      +0.0           
02:17:45  44        -3.44     +0.70     +0.40     +1.8      +0.0           
02:17:57  45        +16.86    -1.17     -1.55     +1.7      +0.0           
02:18:28  46        +1.59     -0.64     -0.98     +1.8      +0.0           
02:18:47  47        +2.86     +0.19     -0.30     +1.8      +0.0           
02:19:15  48        -30.13    +1.03     -0.55     +2.0      +0.0           
02:19:40  49        +0.95     -0.08     -0.47     +1.7      +0.0           
02:20:35  50        +5.76     -0.22     -0.37     +1.6      +0.0           
02:20:47  51        +3.15     -0.18     -0.00     +1.6      +0.0           
02:20:59  52        +35.23    -1.07     -2.77     +2.1      +0.0           
02:21:12  53        +74.10    -1.78     +1.88     +1.5      +0.0           
02:21:25  54        +25.44    -0.28     -0.45     +1.8      +0.0           
02:21:37  55        -41.02    -0.31     -0.57     +1.7      +0.0           
02:21:50  56        +23.22    -0.19     -0.26     +1.7      +0.0           
02:22:02  57        -19.89    +0.86     -1.19     +1.8      +0.0           
02:22:15  58        -37.65    +0.64     +0.66     +1.6      +0.0           
02:22:38  59        -34.56    +1.22     +0.22     +1.7      +0.0           
02:22:56  60        +6.05     -0.66     -0.21     +1.3      +0.0           
02:23:16  61        -3.17     +0.05     -0.54     +1.5      +0.0           
02:23:35  62        -13.38    +0.79     -0.74     +1.8      +0.0           
02:24:00  63        -6.59     -0.41     -0.58     +1.5      +0.0           
02:24:20  64        +19.63    -0.12     +0.07     +1.7      +0.0           
02:24:32  65        -18.88    -0.92     +0.20     +1.5      +0.0           
02:24:48  66        -7.55     +0.07     -2.15     +1.8      +0.0           
02:25:05  67        +4.23     -0.83     -2.37     +1.9      +0.0           
02:25:21  68        +0.00     -1.40     -6.89     +0.0      +0.0           
02:25:32  69        +64.45    -0.21     -0.02     +1.9      +0.0           
02:25:49  70        +33.00    -0.09     -0.03     +2.0      +0.0           
02:26:07  71        +10.25    -0.11     +0.08     +1.9      +0.0           
02:26:25  72        +2.96     -0.03     -0.03     +1.7      +0.0           
02:27:02  74        +15.35    -0.47     -0.12     +1.7      +10.0          
02:27:41  75        -12.02    -0.22     -2.05     +2.0      +10.0          
02:28:08  76        -11.55    +0.03     -0.20     +2.2      +10.0          
02:28:45  78        -3.77     +0.21     +0.59     +1.6      +20.0          
02:29:24  79        -1.08     -1.52     +0.82     +1.7      +20.0          
02:30:02  80        -1.55     -0.10     +0.14     +1.9      +20.0          
02:30:28  81        -2.50     +0.08     +0.99     +2.0      +20.0          
02:30:53  82        -2.09     +0.23     +0.49     +1.8      +20.0          
02:31:17  83        -0.13     +0.74     +0.22     +2.0      +20.0          
02:31:44  84        -0.79     +0.45     +0.07     +1.9      +20.0          
02:32:23  85        -1.00     -0.12     +0.08     +2.0      +20.0          
02:33:07  86        +0.39     +0.38     -0.40     +1.9      +20.0          
02:34:18  88        +1.82     +0.21     -1.36     +1.7      +24.2          
02:35:02  89        -1.62     -0.20     -0.22     +1.6      +24.2          
02:35:51  90        -0.21     +0.26     -0.06     +1.8      +24.2          
02:36:35  91        +0.98     +0.33     +0.22     +1.5      +24.2          
02:37:24  92        -0.79     +0.30     -0.07     +1.7      +24.0          
02:38:10  93        -0.46     +0.11     +0.11     +1.7      +23.8          
02:38:55  94        -0.53     +0.46     -0.04     +1.6      +23.6          
02:39:39  95        +0.49     +0.14     -0.09     +1.5      +23.4          
02:40:28  96        -0.46     +0.37     -0.19     +1.6      +23.2          
02:41:12  97        -1.11     +0.13     -0.17     +1.6      +23.0          
02:41:52  98        +1.51     +0.07     -0.15     +1.6      +22.8          
02:42:36  99        +0.36     -0.13     -0.33     +1.7      +22.6          
02:43:22  100       -0.42     +0.02     -0.17     +1.8      +22.4          
02:44:06  101       -0.27     +0.30     -0.07     +1.6      +22.2          
02:44:52  102       +1.30     +0.23     -0.00     +1.8      +22.0          
02:45:36  103       -0.66     +0.02     -0.42     +2.1      +21.8          
02:46:23  104       +0.17     -0.01     +0.28     +1.8      +21.6          
02:47:08  105       +0.60     +0.44     -0.02     +1.7      +21.4          
02:47:52  106       -1.56     +0.04     -0.16     +1.5      +21.2          
02:48:36  107       +1.07     +0.13     -0.43     +1.5      +21.0          
02:49:25  108       -0.39     +0.26     -0.17     +1.7      +20.8          
02:50:10  109       +0.80     -0.03     -0.22     +1.6      +20.7          
02:50:54  110       -0.52     +0.19     -0.14     +1.6      +20.6          
02:51:39  111       +0.79     +0.15     +0.03     +1.5      +20.5          
02:52:27  112       -0.17     +0.17     -0.26     +1.6      +20.4          
02:53:12  113       -0.80     +0.25     -0.18     +1.7      +20.3          
02:53:57  114       -0.68     +0.20     -0.08     +1.7      +20.2          
02:54:41  115       +0.03     -0.01     -0.17     +1.6      +20.1          
02:55:29  116       +0.69     +0.03     -0.14     +1.5      +20.1          
02:56:21  117       -0.57     +0.16     +0.06     +1.5      +20.1          
02:57:06  118       -0.10     +0.10     -0.09     +1.5      +20.2          
02:57:51  119       +0.53     +0.17     -0.35     +1.6      +20.2          
02:58:31  120       +0.14     +0.18     -0.17     +1.5      +20.2          
02:59:21  121       +0.61     +0.09     -0.22     +1.5      +20.3          
03:00:06  122       -0.98     +0.28     -0.31     +1.5      +20.4          
03:00:52  123       +0.90     +0.16     -0.13     +1.5      +20.3          
03:01:36  124       +1.08     +0.43     -0.19     +1.5      +20.2          
03:02:24  125       -0.26     +0.38     -0.11     +1.4      +20.0          
03:03:36  127       -1.29     +0.63     -0.13     +1.5      +18.9          
03:04:11  128       +0.88     -0.09     -0.27     +1.4      +18.9          
03:04:46  129       +2.04     +0.12     -0.20     +1.4      +18.9          
03:05:03  130       -2.24     +0.13     -0.12     +1.4      +18.9          
03:05:21  131       -0.26     +0.21     +0.07     +1.4      +18.9          
03:05:39  132       +0.58     +0.17     -0.06     +1.5      +18.9          
03:05:57  133       +1.41     +0.13     +0.05     +1.4      +18.9          
03:06:14  134       -0.62     +0.19     -0.10     +1.4      +18.9          
03:06:32  135       -0.01     -0.17     -0.20     +1.4      +18.9          
03:06:50  136       -1.81     +0.23     -0.03     +1.4      +18.9          
03:07:08  137       +0.73     +0.07     +0.06     +1.4      +18.9          
03:07:25  138       +0.91     +0.09     -0.17     +1.4      +18.9          
03:07:43  139       +0.53     -0.02     -0.27     +1.5      +18.9          
03:08:00  140       +0.23     +0.12     -0.01     +1.5      +18.9          
03:08:18  141       -1.05     +0.24     +0.06     +1.3      +18.9          
03:08:36  142       +0.02     +0.04     -0.14     +1.4      +18.9          
03:08:54  143       -0.64     -0.02     -0.03     +1.5      +18.9          
03:09:11  144       -0.78     +0.14     -0.22     +1.5      +18.9          
03:09:30  145       -2.29     +0.10     -0.04     +1.4      +18.9          
03:09:47  146       +2.15     +0.15     +0.15     +1.3      +18.9          
03:10:05  147       +0.93     +0.10     -0.12     +1.4      +18.9          
03:10:23  148       -0.05     +0.03     -0.08     +1.3      +18.9          
03:10:40  149       -0.86     +0.21     -0.12     +1.3      +18.9          
03:10:58  150       +0.42     -0.00     -0.13     +1.4      +18.9          
03:11:16  151       +0.82     +0.03     -0.10     +1.4      +18.9          
03:11:34  152       +0.71     +0.02     -0.15     +1.4      +18.9          
03:11:51  153       -0.87     +0.16     +0.09     +1.4      +18.9          
03:12:09  154       +0.01     +0.13     -0.02     +1.3      +18.9          
03:12:27  155       +0.13     +0.10     -0.16     +1.4      +18.9          
03:12:45  156       -0.23     -0.01     -0.11     +1.4      +18.9          
03:13:03  157       -0.22     +0.12     -0.17     +1.3      +18.9          
03:13:20  158       +0.25     +0.10     -0.09     +1.3      +18.9          
03:13:38  159       -1.47     -0.06     -0.01     +1.3      +18.9          
03:13:55  160       +0.31     -0.04     -0.03     +1.3      +18.9          
03:14:13  161       +0.21     +0.11     -0.10     +1.4      +18.9          
03:14:31  162       +0.42     +0.04     -0.10     +1.4      +18.9          
03:14:48  163       +0.76     +0.14     -0.02     +1.3      +18.9          
03:15:07  164       -0.25     +0.22     -0.03     +1.4      +18.9          
03:15:24  165       +0.45     +0.12     -0.10     +1.4      +18.9          
03:15:42  166       -0.74     +0.20     -0.10     +1.4      +18.9          
03:16:00  167       -0.27     +0.02     -0.13     +1.4      +18.9          
03:16:17  168       +0.54     -0.06     -0.04     +1.4      +18.9          
03:16:35  169       -0.46     +0.16     -0.06     +1.3      +18.9          
03:16:53  170       -0.82     +0.11     -0.17     +1.4      +18.9          
03:17:11  171       +1.68     +0.03     -0.11     +1.4      +18.9          
03:17:29  172       +0.31     +0.04     -0.11     +1.4      +18.9          
03:17:47  173       -0.75     +0.04     -0.10     +1.4      +18.9          
03:18:05  174       +0.96     +0.19     -0.03     +1.4      +18.9          
03:18:22  175       -0.90     +0.10     -0.02     +1.4      +18.9          
03:18:57  176       -0.92     +0.12     -0.10     +1.5      +18.9          
03:19:33  177       -0.13     +0.30     -0.05     +1.6      +18.9          
03:20:08  178       -0.23     +0.16     -0.25     +1.5      +18.9          
03:20:43  179       +0.59     -0.00     -0.22     +1.6      +18.9          
03:21:18  180       +0.24     +0.05     -0.26     +1.7      +18.9          
03:21:54  181       -0.01     +0.23     -0.01     +1.6      +18.9          
03:22:30  182       -0.52     +0.29     -0.18     +1.6      +18.9          
03:23:05  183       +1.27     +0.13     -0.19     +1.5      +18.9          
03:23:39  184       +0.36     +0.28     -0.12     +1.6      +18.9          
03:24:15  185       -0.86     -0.05     -0.28     +1.6      +18.9          
03:24:51  186       +0.88     +0.08     -0.18     +1.6      +18.9          
03:25:26  187       +0.42     +0.19     +0.02     +1.5      +18.9          
03:26:01  188       +0.83     +0.36     -0.14     +1.5      +18.9          
03:26:37  189       +0.27     -0.15     -0.22     +1.7      +18.9          
03:27:12  190       -1.15     +0.26     -0.13     +1.5      +18.9          
03:27:47  191       -2.20     +0.46     -0.05     +1.4      +18.9          
03:28:22  192       +1.40     +0.08     -0.19     +1.4      +18.9          
03:28:57  193       -0.25     -0.11     -0.01     +1.4      +18.9          
03:29:32  194       -0.01     +0.13     -0.05     +1.4      +18.9          
03:30:07  195       +0.57     +0.16     -0.21     +1.4      +18.9          
03:30:43  196       -0.38     +0.05     -0.08     +1.5      +18.9          
03:31:18  197       -0.10     +0.03     -0.20     +1.4      +18.9          
03:31:54  198       +0.80     +0.06     -0.17     +1.4      +18.9          
03:32:30  199       -1.39     +0.04     -0.04     +1.5      +18.9          
03:33:05  200       -0.05     +0.16     -0.09     +1.5      +18.9          
03:33:40  201       +0.14     +0.29     -0.06     +1.5      +18.9          
03:34:15  202       -0.39     +0.18     -0.18     +1.4      +18.9          
03:34:50  203       +0.70     +0.39     -0.03     +1.5      +18.9          
03:35:25  204       -0.67     +0.05     -0.34     +1.5      +18.9          
03:36:00  205       +0.79     -0.07     -0.24     +1.5      +18.9          
03:36:35  206       -0.75     +0.16     -0.15     +1.5      +18.9          
03:37:10  207       +0.45     +0.24     -0.16     +1.5      +18.9          
03:37:45  208       -0.11     +0.22     -0.06     +1.5      +18.9          
03:38:19  209       +0.74     +0.29     -0.24     +1.5      +18.9          
03:38:55  210       +2.85     -0.54     -0.24     +1.2      +18.9          
03:52:22  212       +104.03   +0.43     -0.73     +1.0      +18.9          
03:52:33  213       +0.00     +0.94     -0.34     +0.0      +18.9          
03:52:43  214       +101.17   -0.53     -0.36     +1.2      +18.9          
03:53:01  215       +57.71    -0.57     -0.24     +1.5      +18.9          
03:53:18  216       +22.79    -0.25     -0.01     +1.3      +18.9          
03:53:52  217       +8.59     -0.14     +0.24     +1.2      +18.9          
03:54:21  218       +0.21     +0.02     +0.13     +1.2      +18.9          
03:54:48  219       -3.77     -0.08     +0.09     +1.2      +18.9          
03:55:22  220       -4.87     +0.08     +0.10     +1.2      +18.9          
03:55:44  221       -4.48     -0.05     +0.08     +1.1      +19.1          
03:56:11  222       -2.28     -0.19     +0.15     +1.2      +19.1          
03:56:55  223       -1.42     +0.00     +0.08     +1.1      +19.1          
03:57:37  224       +0.75     -0.21     +0.11     +1.1      +19.1          
03:58:25  225       -0.01     +0.08     -0.06     +1.1      +19.1          
03:59:09  226       +0.50     -0.10     +0.08     +1.1      +19.1          
03:59:53  227       -0.03     -0.11     +0.10     +1.2      +19.1          
04:00:37  228       +1.60     +0.07     +0.11     +1.1      +19.0          
04:01:25  229       +2.46     -0.03     -0.08     +1.1      +18.8          
04:02:10  230       +0.81     -0.03     -0.09     +1.2      +18.7          
04:02:55  231       +0.03     -0.01     +0.04     +1.2      +18.6          
04:03:39  232       -1.81     +0.07     -0.05     +1.2      +18.4          
04:04:27  233       -0.15     -0.19     -0.03     +1.1      +18.3          
04:05:11  234       -1.68     -0.01     +0.09     +1.2      +18.1          
04:05:56  235       -0.58     -0.05     +0.11     +1.2      +18.0          
04:06:39  236       -0.21     -0.07     +0.08     +1.2      +17.8          
04:07:23  237       +0.72     -0.09     +0.07     +1.2      +17.7          
04:08:07  238       +0.50     +0.04     -0.01     +1.1      +17.6          
04:08:52  239       +0.56     -0.02     +0.17     +1.1      +17.6          
04:09:36  240       -0.52     -0.10     +0.01     +1.1      +17.4          
04:10:25  241       +0.32     -0.01     -0.09     +1.0      +17.3          
04:11:09  242       -0.22     -0.01     -0.07     +1.0      +17.2          
04:11:48  243       -0.43     -0.11     +0.02     +1.0      +17.1          
04:12:33  244       +0.74     -0.08     +0.04     +1.0      +17.1          
04:13:22  245       +0.57     +0.06     +0.01     +1.1      +17.0          
04:14:09  246       +0.10     -0.09     -0.06     +1.2      +17.0          
04:14:53  247       -0.10     +0.18     -0.03     +1.2      +17.0          
04:15:32  248       +0.06     +0.06     +0.04     +1.1      +17.0          
04:16:21  249       +0.08     +0.23     -0.08     +1.1      +17.0          
04:17:06  250       -0.11     +0.09     +0.02     +1.1      +16.9          
04:17:53  251       +0.21     -0.24     -0.05     +1.2      +16.9          
04:18:39  252       -0.21     +0.20     +0.14     +1.3      +16.8          
04:19:27  253       -0.86     +0.21     +0.17     +1.3      +16.8          
04:20:12  254       +0.15     +0.09     -0.27     +1.4      +16.7          
04:20:58  255       +1.00     -0.19     -0.14     +1.2      +16.7          
04:21:42  256       -0.24     -0.22     +0.24     +1.2      +16.6          
04:22:32  257       -0.55     +0.17     -0.19     +1.3      +16.6          
04:23:14  258       +0.33     +0.04     -0.01     +1.3      +16.5          
04:23:59  259       -0.53     +0.13     -0.18     +1.3      +16.5          
04:24:49  260       -0.05     +0.06     -0.25     +1.1      +16.4          
04:25:34  261       +0.34     -0.20     +0.07     +1.1      +16.2          
04:26:21  262       -0.07     -0.15     +0.01     +1.1      +16.1          
04:27:07  263       +0.53     -0.04     +0.09     +1.1      +15.9          
04:27:52  264       +0.31     -0.08     +0.14     +1.1      +15.7          
04:28:37  265       -0.13     +0.15     +0.01     +1.1      +15.5          
04:29:24  266       -0.08     +0.21     +0.04     +1.1      +15.4          
04:30:08  267       -0.01     +0.06     -0.03     +1.1      +15.3          
04:30:52  268       -0.68     -0.15     -0.10     +1.1      +15.3          
04:31:37  269       -0.00     -0.08     -0.05     +1.1      +15.3          
04:32:22  270       +0.28     -0.02     +0.00     +1.0      +15.3          
04:33:06  271       -0.04     +0.10     +0.04     +1.0      +15.3          
04:33:52  272       -0.63     -0.04     +0.08     +1.0      +15.4          
04:34:37  273       +0.67     +0.04     -0.05     +1.1      +15.5          
04:35:25  274       -0.16     -0.23     +0.06     +1.1      +15.6          
04:36:10  275       +0.50     +0.02     +0.03     +1.1      +15.6          
04:36:49  276       -0.04     +0.03     -0.04     +1.1      +15.6          
04:37:33  277       +0.22     +0.00     +0.03     +1.1      +15.6          
04:38:21  278       +1.22     +0.10     -0.04     +1.1      +15.5          
04:39:06  279       -0.71     +0.08     -0.05     +1.1      +15.4          
04:39:50  280       -0.99     +0.01     -0.07     +1.1      +15.2          
04:40:35  281       +0.25     -0.03     +0.02     +1.1      +15.0          
04:41:22  282       -0.02     -0.02     +0.06     +1.2      +14.8          
04:42:07  283       -0.84     +0.09     +0.05     +1.3      +14.6          
04:42:52  284       -0.51     +0.03     +0.10     +1.2      +14.4          
04:43:37  285       +0.34     +0.02     +0.05     +1.1      +14.2          
04:44:25  286       +0.45     +0.07     -0.03     +1.2      +14.0          
04:45:09  287       -0.12     -0.01     -0.09     +1.1      +13.8          
04:45:53  288       -0.13     -0.07     -0.12     +1.1      +13.7          
04:46:37  289       +0.03     -0.19     +0.01     +1.1      +13.5          
04:47:25  290       -0.39     +0.02     -0.07     +1.1      +13.3          
04:48:09  291       -0.09     +0.22     +0.14     +1.1      +13.1          
04:48:54  292       +1.89     +0.02     -0.03     +1.1      +13.0          
04:49:38  293       -0.92     +0.10     +0.02     +1.1      +12.9          
04:50:27  294       +0.22     -0.01     -0.09     +1.1      +12.8          
04:51:12  295       -0.17     -0.09     -0.02     +1.1      +12.8          
04:51:58  296       -0.23     -0.12     -0.07     +1.1      +12.8          
04:52:42  297       -0.07     +0.00     +0.15     +1.1      +12.8          
04:53:29  298       -0.03     +0.04     +0.06     +1.1      +12.8          
04:54:21  299       -0.10     +0.08     -0.03     +1.1      +12.7          
04:55:07  300       -0.26     +0.10     +0.04     +1.1      +12.6          
04:55:51  301       +0.20     -0.14     -0.20     +1.1      +12.5          
04:56:36  302       +0.85     -0.03     -0.10     +1.1      +12.3          
04:57:20  303       -0.14     -0.15     +0.12     +1.0      +12.2          
04:58:05  304       -0.79     +0.04     +0.00     +1.0      +12.1          
04:58:53  305       -0.26     +0.01     +0.03     +1.0      +11.9          
04:59:38  306       -0.23     +0.02     +0.02     +1.1      +11.8          
05:00:26  307       +0.33     +0.04     +0.03     +1.1      +11.7          
05:01:10  308       +0.06     -0.03     +0.20     +1.0      +11.7          
05:01:54  309       -1.19     +0.06     +0.07     +1.0      +11.6          
05:02:39  310       +0.59     -0.02     -0.01     +1.0      +11.5          
05:03:26  311       -3.21     +0.16     -0.11     +0.6      +11.4          
05:16:20  313       +59.67    +0.85     -0.12     +1.6      +11.4          
05:16:30  314       -3.92     -0.16     -0.29     +1.4      +11.4          
05:16:40  315       +28.61    +0.15     +0.56     +1.5      +11.4          
05:16:50  316       -20.36    +0.60     -1.11     +1.3      +11.4          
05:16:59  317       +20.71    +0.95     +0.87     +1.6      +11.4          
05:17:09  318       -42.70    -0.29     +0.17     +1.1      +11.4          
05:17:19  319       +0.00     +8.28     +1.41     +0.0      +11.4          
05:17:30  320       -26.20    +0.13     -1.08     +1.5      +11.4          
05:17:48  321       +14.25    +0.48     -1.10     +1.5      +11.4          
05:18:05  322       +13.13    +0.58     +0.23     +1.3      +11.4          
05:18:15  323       -13.86    -0.15     -0.27     +1.5      +11.4          
05:18:25  324       -21.75    +0.46     -0.36     +1.2      +11.4          
05:18:35  325       -22.50    +0.00     -0.55     +1.7      +11.4          
05:18:44  326       -46.77    +0.59     -0.81     +1.4      +11.4          
05:18:54  327       -17.34    +0.35     +0.73     +1.4      +11.4          
05:19:04  328       -20.85    +0.80     +0.22     +1.3      +11.4          
05:19:14  329       -58.53    +0.00     +0.28     +1.7      +11.4          
05:19:24  330       +0.00     +8.73     +2.82     +0.0      +11.4          
05:19:35  331       -1.45     -0.43     +1.02     +1.5      +11.4          
05:19:53  332       -51.95    -0.22     +0.23     +1.7      +11.4          
05:20:11  333       +38.22    +1.00     -0.39     +1.5      +11.4          
05:20:21  334       +6.08     -1.21     +0.39     +1.5      +11.4          
05:20:31  335       -43.62    +1.10     -1.61     +1.7      +11.4          
05:20:41  336       +0.00     +3.10     -9.61     +0.0      +11.4          
05:20:51  337       +1.08     +0.88     -2.61     +1.5      +11.4          
05:21:09  338       +12.66    +1.15     -2.60     +1.3      +11.4          
05:21:26  339       +95.40    +1.07     -2.47     +1.4      +11.4          
05:21:44  340       +74.50    +0.92     -1.14     +1.1      +11.4          
05:22:01  341       +25.30    +0.70     +0.13     +1.0      +11.4          
05:22:28  342       +6.21     +0.69     +0.36     +1.1      +11.4          
05:22:55  344       +27.72    -0.97     +0.15     +1.5      +1.4           
05:23:13  345       -29.89    +1.54     +2.27     +1.2      +1.4           
05:23:31  346       -21.85    +0.70     +0.75     +1.1      +1.4           
05:23:48  347       -17.41    +0.15     +0.04     +1.1      +1.4           
05:24:26  348       -15.04    -0.15     -0.40     +1.1      +1.4           
05:24:54  349       -15.47    +0.36     -0.04     +1.1      +1.4           
05:25:37  350       -7.42     +0.10     -0.24     +1.0      +1.4           
05:26:25  351       -2.78     +0.26     -0.11     +1.0      +1.4           
05:27:06  352       -0.51     +0.30     -0.24     +1.0      +1.4           
05:27:51  353       -0.67     +0.08     -0.29     +1.0      +1.4           
05:28:35  354       +1.82     +0.22     -0.18     +1.0      +1.4           
05:29:23  355       +1.27     +0.32     -0.24     +1.0      +1.4           
05:30:07  356       +1.74     +0.27     -0.25     +1.0      +1.4           
05:30:52  357       +0.90     +0.16     -0.30     +1.0      +1.4           
05:31:36  358       +1.22     +0.13     -0.25     +1.0      +1.4           
05:32:24  359       +0.90     +0.49     -0.09     +1.0      +1.4           
05:33:08  360       +1.43     +0.34     -0.27     +1.0      +1.4           
05:33:51  361       +0.48     +0.18     -0.32     +1.0      +1.4           
05:34:35  362       +0.46     +0.25     -0.22     +1.1      +1.4           
05:35:23  363       +0.07     +0.16     -0.22     +1.1      +1.3           
05:36:07  364       -0.86     +0.11     -0.25     +1.2      +1.2           
05:36:51  365       +0.48     +0.28     -0.15     +1.2      +1.1           
05:37:26  366       +0.76     +0.09     -0.11     +1.2      +1.1           
05:38:01  367       -0.49     +0.27     -0.11     +1.3      +1.1           
05:38:36  368       -0.92     +0.34     -0.33     +1.2      +1.1           
05:39:11  369       +0.48     +0.16     -0.14     +1.2      +1.1           
05:39:46  370       -0.57     +0.21     -0.30     +1.3      +1.1           
05:40:21  371       +0.75     +0.26     -0.29     +1.3      +1.1           
05:40:56  372       -0.02     +0.33     -0.03     +1.3      +1.1           
05:41:14  373       +0.14     +0.24     +0.03     +1.2      +1.1           
05:41:33  374       +0.73     +0.01     +0.09     +1.2      +1.1           
05:41:51  375       -0.50     +0.16     +0.05     +1.3      +1.1           
05:42:09  376       +0.28     +0.14     +0.02     +1.3      +1.1           
05:42:27  377       +0.13     +0.14     -0.18     +1.2      +1.1           
05:42:44  378       -0.60     +0.15     -0.00     +1.3      +1.1           
05:43:04  379       +1.18     +0.13     -0.17     +1.3      +1.1           
05:43:22  380       +0.37     +0.15     -0.08     +1.4      +1.1           
05:43:39  381       -1.19     -0.03     -0.18     +1.3      +1.1           
05:43:57  382       +1.23     +0.19     -0.12     +1.4      +1.1           
05:44:15  383       -2.36     +0.13     -0.17     +1.3      +1.1           
05:44:33  384       +0.86     +0.25     -0.16     +1.4      +1.1           
05:44:50  385       +0.40     +0.23     -0.04     +1.4      +1.1           
05:45:08  386       -0.40     -0.01     -0.25     +1.3      +1.1           
05:45:26  387       -0.49     +0.04     -0.23     +1.3      +1.1           
05:45:45  388       -0.16     +0.24     -0.03     +1.5      +1.1           
05:46:04  389       +0.03     +0.27     -0.04     +1.3      +1.1           
05:46:21  390       -0.66     -0.02     -0.22     +1.3      +1.1           
05:46:39  391       -0.35     +0.12     -0.10     +1.2      +1.1           
05:46:57  392       +0.44     +0.12     -0.05     +1.2      +1.1           
05:47:15  393       +0.73     +0.05     -0.03     +1.4      +1.1           
05:47:34  394       -1.30     +0.04     -0.18     +1.2      +1.1           
05:47:51  395       +0.29     +0.12     -0.09     +1.2      +1.1           
05:48:09  396       +0.98     +0.17     -0.08     +1.3      +1.1           
05:48:27  397       +0.51     +0.04     -0.27     +1.2      +1.1           
05:48:44  398       +0.11     +0.28     -0.18     +1.2      +1.1           
05:49:03  399       -1.83     +0.14     -0.06     +1.2      +1.1           
05:49:21  400       +0.85     +0.18     -0.12     +1.3      +1.1           
05:49:38  401       -0.33     +0.13     -0.04     +1.4      +1.1           
05:49:56  402       +1.57     +0.20     -0.17     +1.3      +1.1           
05:50:14  403       -0.72     +0.30     -0.05     +1.2      +1.1           
05:50:32  404       -1.16     +0.18     -0.18     +1.2      +1.1           
05:50:49  405       -2.22     -0.50     -0.22     +1.3      +1.1           
05:51:07  406       +2.15     +0.52     -0.05     +1.2      +1.1           
05:51:25  407       +0.14     +0.25     -0.17     +1.3      +1.1           
05:51:43  408       -0.02     +0.08     -0.16     +1.3      +1.1           
05:52:01  409       -0.26     -0.01     -0.14     +1.3      +1.1           
05:52:20  410       -0.64     +0.19     -0.06     +1.3      +1.1           
05:52:39  411       +0.44     +0.17     -0.17     +1.3      +1.1           
05:52:57  412       +3.15     +0.23     -0.11     +1.3      +1.1           
05:53:14  413       -1.76     +0.11     -0.21     +1.4      +1.1           
05:53:32  414       +0.61     +0.11     -0.09     +1.4      +1.1           
05:53:50  415       +0.76     -0.00     -0.15     +1.5      +1.1           
05:54:08  416       -8.98     -0.99     +0.07     +1.5      +1.1           
05:54:25  417       +3.78     +0.97     -0.03     +1.4      +1.1           
05:54:43  418       +1.42     +0.44     +0.07     +1.4      +1.1           
05:55:00  419       +1.08     +0.22     -0.19     +1.3      +1.1           
05:55:19  420       +1.88     +0.10     -0.21     +1.3      +1.1           
05:55:37  421       -0.46     +0.08     -0.24     +1.3      +1.1           
05:55:54  422       +0.93     +0.11     -0.15     +1.4      +1.1           
05:56:12  423       -0.17     +0.05     -0.25     +1.4      +1.1           
05:56:30  424       +0.39     +0.13     -0.16     +1.3      +1.1           
05:56:47  425       -0.56     +0.16     -0.12     +1.3      +1.1           
05:57:05  426       +0.16     +0.09     -0.06     +1.4      +1.1           
05:57:23  427       +0.11     +0.06     +0.04     +1.2      +1.1           
05:57:41  428       +1.01     +0.23     -0.07     +1.3      +1.1           
05:57:58  429       -0.27     +0.13     -0.07     +1.3      +1.1           
05:58:17  430       -0.96     +0.20     +0.01     +1.4      +1.1           
05:58:34  431       -0.10     +0.15     -0.19     +1.3      +1.1           
05:58:52  432       +1.71     +0.09     -0.06     +1.3      +1.1           
05:59:10  433       +0.08     +0.08     -0.25     +1.2      +1.1           
05:59:27  434       -0.82     -0.02     -0.15     +1.3      +1.1           
05:59:45  435       +0.96     +0.07     -0.10     +1.3      +1.1           
06:00:04  436       +1.74     +0.26     -0.16     +1.3      +1.1           
06:00:22  437       +2.53     +0.08     -0.00     +1.3      +1.1           
06:00:40  438       -0.73     +0.14     -0.14     +1.3      +1.1           
06:00:58  439       +0.69     +0.16     -0.06     +1.3      +1.1           
06:01:16  440       +0.49     +0.02     +0.06     +1.4      +1.1           
06:01:35  441       -1.58     +0.11     +0.00     +1.3      +1.1           
06:01:52  442       -0.66     -0.03     -0.05     +1.3      +1.1           
06:02:10  443       -0.81     +0.04     -0.03     +1.3      +1.1           
06:02:28  444       -0.68     -0.04     -0.03     +1.2      +1.1           
06:02:45  445       -0.14     +0.10     -0.18     +1.4      +1.1           
06:03:03  446       +0.12     +0.10     +0.03     +1.4      +1.1           
06:03:22  447       -0.02     +0.04     -0.13     +1.5      +1.1           
06:03:39  448       -0.40     +0.06     +0.05     +1.5      +1.1           
06:03:58  449       -1.35     -0.04     +0.03     +1.4      +1.1           
06:04:16  450       -1.02     -0.01     +0.03     +1.4      +1.1           
06:04:33  451       -0.92     +0.02     +0.04     +1.3      +1.1           
06:04:51  452       +0.07     +0.13     -0.05     +1.5      +1.1           
06:05:09  453       +0.48     -0.07     +0.08     +1.3      +1.1           
06:05:27  454       -0.17     +0.09     -0.09     +1.4      +1.1           
06:05:45  455       -0.26     -0.14     -0.06     +1.4      +1.1           
06:06:03  456       -1.74     +0.03     -0.21     +1.4      +1.1           
06:06:20  457       +1.09     -0.08     +0.02     +1.4      +1.1           
06:06:38  458       -0.71     -0.04     -0.11     +1.4      +1.1           
06:06:56  459       +0.57     +0.14     +0.05     +1.5      +1.1           
06:07:15  460       -0.25     +0.07     +0.07     +1.4      +1.1           
06:07:35  461       -1.46     +0.06     +0.05     +1.3      +1.1           
06:07:52  462       +0.72     -0.01     -0.11     +1.4      +1.1           
06:08:10  463       +0.54     -0.04     -0.01     +1.4      +1.1           
06:08:28  464       +2.22     +0.12     +0.27     +1.3      +1.1           
06:08:45  465       -0.58     -0.03     -0.01     +1.3      +1.1           
06:09:03  466       -1.69     -0.10     -0.13     +1.3      +1.1           
06:09:21  467       +0.60     -0.17     -0.03     +1.3      +1.1           
06:09:39  468       -2.11     +0.06     -0.07     +1.4      +1.1           
06:09:57  469       +1.69     +0.08     +0.02     +1.4      +1.1           
06:10:15  470       -0.94     -0.03     +0.15     +1.4      +1.1           
06:10:34  471       +0.31     -0.12     +0.04     +1.4      +1.1           
06:10:51  472       +0.57     -0.05     +0.11     +1.6      +1.1           
06:11:09  473       -0.39     -0.01     +0.00     +1.4      +1.1           
06:11:27  474       -1.41     -0.07     +0.00     +1.5      +1.1           
06:11:45  475       -0.19     -0.13     -0.03     +1.4      +1.1           
06:12:03  476       +1.09     +0.09     -0.05     +1.5      +1.1           
06:12:22  477       +0.37     -0.17     -0.08     +1.5      +1.1           
06:12:39  478       +0.39     +0.04     +0.15     +1.4      +1.1           
06:12:57  479       -1.49     -0.03     -0.03     +1.4      +1.1           
06:13:15  480       +0.20     +0.01     +0.04     +1.5      +1.1           
06:13:33  481       +0.28     +0.04     +0.13     +1.5      +1.1           
06:13:50  482       +0.51     -0.10     +0.04     +1.5      +1.1           
06:14:08  483       +0.42     -0.02     -0.15     +1.6      +1.1           
06:14:25  484       -0.01     -0.02     -0.08     +1.5      +1.1           
06:14:43  485       +0.64     -0.08     +0.11     +1.7      +1.1           
06:15:01  486       +1.69     -0.01     -0.03     +1.5      +1.1           
06:15:18  487       -0.18     +0.04     +0.04     +1.5      +1.1           
06:15:49  488       -1.27     +0.15     +0.32     +1.4      +1.1           
06:16:34  489       -0.62     +0.14     +0.44     +1.3      +1.1           
06:17:19  490       -0.29     +0.16     -0.02     +1.3      +1.1           
06:18:04  491       +1.17     -0.24     -0.03     +1.3      +0.9           
06:18:51  492       +0.81     -0.39     +0.07     +1.4      +0.7           
06:19:37  493       -0.69     -0.13     +0.06     +1.4      +0.5           
06:20:21  494       -0.86     -0.17     +0.12     +1.3      +0.3           
06:21:06  495       +0.40     -0.03     +0.25     +1.3      +0.1           
06:21:51  496       -1.06     -0.06     -0.10     +1.5      -0.1           
06:22:36  497       +0.02     -0.24     -0.10     +1.6      -0.3           
06:23:21  498       +1.13     -0.17     +0.34     +1.4      -0.5           
06:24:06  499       +0.63     -0.07     +0.24     +1.4      -0.7           
06:24:52  500       +0.30     +0.01     +0.12     +1.4      -0.9           
06:25:36  501       +0.01     -0.11     +0.06     +1.3      -1.1           
06:26:24  502       +0.58     -0.20     +0.05     +1.4      -1.3           
06:27:08  503       +0.05     -0.21     +0.20     +1.6      -1.5           
06:27:52  504       +0.56     -0.11     +0.14     +1.4      -1.6           
06:28:36  505       -0.90     -0.13     -0.16     +1.3      -1.8           
06:29:24  506       +0.04     -0.03     +0.18     +1.2      -1.9           
06:30:08  507       -1.34     -0.16     +0.02     +1.4      -2.0           
06:30:52  508       +1.04     +0.04     +0.10     +1.2      -2.1           
06:31:30  509       -0.11     +0.02     +0.07     +1.1      -2.0           
06:32:23  510       +0.18     -0.15     +0.28     +1.1      -2.0           
06:46:20  512       -19.40    +0.27     -0.44     +1.4      -2.0           
06:46:29  513       +5.53     +0.27     -0.28     +1.4      -2.0           
06:46:39  514       +12.60    -0.17     +0.82     +1.7      -2.0           
06:46:49  515       -7.70     -0.12     -0.45     +1.8      -2.0           
06:46:59  516       -37.23    +0.49     +1.09     +1.5      -2.0           
06:47:09  517       +1.61     -0.10     +0.43     +1.8      -2.0           
06:47:19  518       +17.26    -0.08     +0.49     +1.3      -2.0           
06:47:29  519       +7.67     -0.67     -0.76     +1.1      -2.0           
06:47:39  520       +14.66    -0.32     -0.10     +1.5      -2.0           
06:47:49  521       +12.15    +0.81     -0.69     +1.3      -2.0           
06:47:58  522       -21.92    -0.48     -0.19     +1.6      -2.0           
06:48:08  523       +16.62    +0.52     +0.87     +1.6      -2.0           
06:49:05  524       +1.60     +0.28     +0.07     +1.2      -2.0           
06:49:18  525       -15.67    -0.65     -0.32     +1.6      -2.0           
06:49:31  526       -20.19    +0.60     -1.41     +1.6      -2.0           
06:49:44  527       -34.73    +0.46     -0.10     +1.6      -2.0           
06:49:56  528       -35.23    -0.21     +0.71     +1.3      -2.0           
06:50:09  529       +7.26     +0.15     +0.91     +1.5      -2.0           
06:50:22  530       -21.94    -0.12     +0.06     +1.5      -2.0           
06:50:35  531       -23.28    -0.27     +0.33     +1.6      -2.0           
06:50:48  532       +7.28     -0.36     -0.69     +1.5      -2.0           
06:51:01  533       +1.15     +0.10     +0.79     +1.3      -2.0           
06:51:13  534       +2.31     +0.06     -1.04     +1.4      -2.0           
06:51:26  535       +12.99    +0.10     +0.36     +1.7      -2.0           
06:51:39  536       -52.11    +0.35     +0.19     +1.5      -2.0           
06:51:52  537       +8.46     -0.42     -0.45     +1.7      -2.0           
06:52:05  538       +55.20    -0.31     -0.25     +1.6      -2.0           
06:52:17  539       -50.39    -0.02     -0.15     +1.7      -2.0           
06:52:30  540       +8.50     -1.17     -0.32     +1.4      -2.0           
06:52:43  541       -48.76    -0.97     -0.07     +1.7      -2.0           
06:52:56  542       -7.47     -0.53     +0.09     +1.2      -2.0           
06:53:10  543       +32.17    +0.34     +0.40     +1.7      -2.0           
06:53:24  544       -18.08    +0.76     +0.17     +1.6      -2.0           
06:53:40  545       -25.25    +1.49     -0.77     +1.3      -2.0           
06:53:50  546       +0.00     -1.08     -6.52     +0.0      -2.0           
06:54:00  547       -10.94    +1.26     -0.08     +1.5      -2.0           
06:54:18  548       -33.81    +1.10     +0.05     +1.6      -2.0           
06:54:36  549       -57.96    +1.49     +0.49     +1.7      -2.0           
06:54:53  550       +0.00     +4.86     -5.94     +0.0      -2.0           
06:55:11  551       -26.34    +1.03     -0.67     +1.2      -2.0           
06:55:28  552       +11.97    +0.35     +0.67     +1.4      -2.0           
06:55:46  553       +0.00     +8.92     +0.03     +0.0      -2.0           
06:55:56  554       -28.87    +0.55     +0.16     +1.2      -2.0           
06:56:14  555       +5.96     +0.18     +0.09     +1.7      -2.0           
06:56:24  556       +135.57   -0.46     +0.42     +1.1      -2.0           
06:56:34  557       +0.00     +1.17     -0.55     +0.0      -2.0           
06:56:44  558       +85.53    -0.46     +0.42     +1.2      -2.0           
06:57:02  559       +119.17   -1.39     +0.48     +1.1      -2.0           
06:57:19  560       +92.42    -1.08     +0.34     +1.2      -2.0           
06:57:37  561       +30.77    -0.31     +0.11     +1.2      -2.0           
06:57:55  562       +7.28     +0.05     +0.38     +1.1      -2.0           
06:58:12  563       -4.68     +0.14     +0.19     +1.1      -2.0           
06:58:40  564       -14.83    +0.13     +0.06     +1.0      -2.0           
06:59:07  565       -16.48    +0.05     -0.02     +1.1      -2.0           
06:59:34  566       -15.04    +0.13     +0.06     +1.1      -1.8           
07:00:01  567       -14.62    +0.01     -0.01     +1.1      -1.8           
07:00:52  568       -7.85     +0.17     -0.02     +1.1      -1.8           
07:01:36  569       -2.28     +0.10     -0.17     +1.1      -1.8           
07:02:24  570       +0.18     -0.08     -0.14     +1.1      -1.8           
07:03:09  571       +0.40     -0.01     +0.01     +1.1      -1.6           
07:03:50  572       +0.55     +0.07     +0.10     +1.2      -1.4           
07:04:32  573       +0.10     -0.04     -0.18     +1.1      -1.2           
07:05:23  574       +2.97     +0.16     +0.04     +1.2      -1.0           
07:06:07  575       +2.36     +0.20     -0.09     +1.1      -0.8           
07:06:52  576       +1.88     -0.10     -0.07     +1.1      -0.6           
07:07:34  577       +0.28     +0.14     -0.01     +1.2      -0.4           
07:08:27  578       +0.73     +0.16     +0.02     +1.1      -0.2           
07:09:12  579       +0.02     -0.10     -0.09     +1.1      +0.0           
07:09:57  580       +1.18     -0.03     +0.02     +1.1      +0.2           
07:10:41  581       +0.41     +0.01     -0.02     +1.2      +0.4           
07:11:29  582       -0.50     +0.12     -0.13     +1.1      +0.6           
07:12:22  583       +2.42     +0.11     -0.05     +1.2      +0.8           
07:13:04  584       -1.07     +0.13     -0.21     +1.2      +1.0           
07:13:51  585       -1.60     -0.01     -0.07     +1.1      +1.2           
07:14:36  586       -0.77     +0.13     +0.06     +1.1      +1.4           
07:15:24  587       +1.67     -0.02     +0.16     +1.1      +1.6           
07:16:08  588       +0.42     +0.02     -0.05     +1.2      +1.8           
07:16:52  589       -0.11     +0.16     -0.07     +1.2      +2.0           
07:17:38  590       +2.44     -0.14     -0.01     +1.2      +2.2           
07:18:22  591       -1.24     +0.08     -0.17     +1.2      +2.4           
07:19:07  592       -1.72     -0.07     +0.00     +1.2      +2.5           
07:19:49  593       -0.13     +0.01     +0.09     +1.2      +2.7           
07:20:31  594       +0.10     +0.03     -0.18     +1.2      +2.7           
07:21:21  595       -0.70     +0.01     -0.07     +1.1      +2.7           
07:22:05  596       +0.71     -0.09     -0.09     +1.2      +2.7           
07:22:51  597       -0.63     +0.04     -0.04     +1.1      +2.7           
07:23:35  598       +0.10     -0.02     +0.11     +1.2      +2.7           
07:24:22  599       -0.25     +0.02     -0.10     +1.1      +2.9           
07:25:06  600       -0.12     +0.10     -0.02     +1.2      +3.0           
07:25:52  601       +0.20     -0.06     -0.03     +1.2      +3.2           
07:26:36  602       +0.36     +0.05     +0.07     +1.2      +3.3           
07:27:22  603       +0.86     +0.06     -0.10     +1.1      +3.5           
07:28:06  604       -0.81     +0.08     +0.02     +1.1      +3.6           
07:28:52  605       +0.96     +0.05     +0.00     +1.1      +3.6           
07:29:36  606       +1.05     -0.22     +0.01     +1.1      +3.6           
07:30:24  607       -0.13     +0.16     -0.05     +1.2      +3.6           
07:31:09  608       -0.15     -0.17     -0.02     +1.2      +3.4           
07:31:53  609       -2.22     +0.04     +0.04     +1.1      +3.4           
07:32:37  610       +0.15     +0.03     +0.01     +1.1      +3.4           
07:33:25  611       +1.70     +0.20     +0.04     +1.1      +3.4           
07:34:11  612       -0.86     -0.02     -0.02     +1.2      +3.4           
07:34:55  613       -2.86     -0.04     +0.01     +1.1      +3.4           
07:35:42  614       +1.01     -0.03     +0.02     +1.2      +3.4           
07:36:27  615       +1.33     +0.04     -0.03     +1.2      +3.4           
07:37:12  616       -0.39     +0.15     +0.03     +1.1      +3.4           
07:37:56  617       +2.09     +0.10     +0.03     +1.2      +3.4           
07:38:41  618       +0.56     +0.05     -0.14     +1.1      +3.4           
07:39:28  619       -1.19     -0.10     -0.05     +1.1      +3.4           
07:40:22  620       -2.01     -0.06     -0.20     +1.1      +3.6           
07:41:04  621       +0.33     -0.04     +0.01     +1.2      +3.7           
07:41:52  622       +0.20     +0.13     +0.15     +1.1      +3.9           
07:42:37  623       +0.63     +0.10     +0.06     +1.1      +4.0           
07:43:24  624       +2.05     -0.19     -0.05     +1.1      +4.2           
07:44:09  625       -0.94     +0.04     +0.03     +1.1      +4.4           
07:44:54  626       -0.74     -0.10     -0.02     +1.2      +4.5           
07:45:39  627       +0.64     -0.07     +0.17     +1.1      +4.6           
07:46:28  628       -0.14     -0.03     -0.06     +1.2      +4.8           
07:47:12  629       -0.17     +0.14     -0.03     +1.1      +4.9           
07:47:56  630       +0.64     -0.09     -0.01     +1.2      +5.1           
07:48:40  631       -0.73     -0.04     -0.02     +1.1      +5.2           
07:49:29  632       -0.55     +0.32     +0.00     +1.1      +5.4           
07:50:22  633       +0.93     +0.13     +0.00     +1.1      +5.4           
07:51:06  634       +0.34     -0.13     -0.01     +1.2      +5.3           
07:51:46  635       +0.87     -0.06     -0.07     +1.1      +5.3           
07:52:30  636       -0.47     -0.11     -0.11     +1.1      +5.2           
07:53:20  637       -1.28     -0.04     +0.12     +1.1      +5.1           
07:54:07  638       -0.97     -0.02     +0.06     +1.2      +5.1           
07:54:51  639       -0.23     +0.17     +0.07     +1.2      +5.0           
07:55:35  640       +1.50     -0.06     +0.03     +1.2      +5.0           
07:56:24  641       -2.16     -0.01     -0.01     +1.2      +5.2           
07:57:08  642       -0.62     +0.04     +0.07     +1.2      +5.3           
07:57:52  643       -1.95     +0.08     -0.02     +1.2      +5.4           
07:58:36  644       +2.74     +0.04     -0.05     +1.3      +5.5           
07:59:24  645       +0.12     -0.12     -0.02     +1.2      +5.7           
08:00:09  646       +1.86     +0.23     -0.04     +1.2      +5.8           
08:00:53  647       +0.28     +0.07     +0.00     +1.2      +5.9           
08:01:37  648       -0.36     -0.11     -0.11     +1.3      +5.9           
08:02:25  649       +1.96     -0.02     -0.04     +1.2      +5.9           
08:03:09  650       -0.65     -0.12     -0.11     +1.2      +5.9           
08:03:53  651       -0.35     -0.07     +0.07     +1.2      +6.0           
08:04:38  652       +0.70     +0.15     -0.00     +1.1      +6.2           
08:05:26  653       +0.95     +0.14     +0.13     +1.1      +6.4           
08:06:05  654       -1.90     -0.17     -0.18     +1.2      +6.5           
08:06:51  655       +1.57     -0.04     -0.12     +1.2      +6.6           
08:07:37  656       +0.40     +0.48     +0.05     +0.8      +6.7           
08:22:57  658       +41.44    -2.48     -1.60     +1.4      +6.7           
08:23:07  659       +0.00     -3.55     -2.28     +0.0      +6.7           
08:23:17  660       +115.27   -0.17     -0.04     +1.3      +6.7           
08:23:35  661       +115.10   -0.18     -0.05     +1.3      +6.7           
08:23:52  662       +53.95    +0.13     +0.08     +1.3      +6.7           
08:24:10  663       +23.73    -0.36     +0.05     +1.3      +6.7           
08:24:37  665       +27.00    +2.13     +4.42     +1.5      +16.7          
08:24:55  666       -5.90     -1.49     -3.31     +1.8      +16.7          
08:25:13  667       -1.05     -1.74     -2.83     +1.1      +16.7          
08:25:30  668       -17.47    -0.96     -1.63     +1.3      +16.7          
08:25:48  669       -10.39    -0.44     -0.39     +1.3      +16.7          
08:26:06  670       -6.86     -0.14     -0.11     +1.2      +16.7          
08:26:33  671       -5.69     +0.17     +0.09     +1.1      +16.7          
08:27:10  673       -3.42     -1.18     +1.02     +1.2      +20.7          
08:27:34  674       -4.98     -0.28     +0.43     +1.2      +20.7          
08:28:01  675       -4.95     +0.20     +0.25     +1.2      +20.7          
08:28:28  676       -2.86     -0.10     +0.17     +1.1      +20.7          
08:28:55  677       -3.94     +0.14     -0.01     +1.2      +20.7          
08:29:40  678       -0.95     -0.06     -0.13     +1.2      +20.7          
08:30:25  679       -0.61     -0.05     -0.01     +1.2      +20.7          
08:31:03  680       -0.16     +0.27     +0.02     +1.4      +20.7          
08:31:53  681       +0.33     -0.01     +0.14     +1.3      +20.9          
08:32:37  682       +0.16     -0.09     -0.18     +1.3      +21.1          
08:33:22  683       +0.37     -0.11     +0.14     +1.3      +21.3          
08:34:07  684       +0.24     -0.16     -0.08     +1.2      +21.5          
08:34:52  685       +0.21     +0.03     -0.04     +1.1      +21.7          
08:35:38  686       -0.96     -0.03     -0.03     +1.2      +21.8          
08:36:22  687       -0.15     +0.02     +0.03     +1.3      +21.9          
08:37:08  688       -0.15     -0.00     +0.02     +1.4      +22.0          
08:37:52  689       -0.13     +0.03     -0.12     +1.2      +22.1          
08:38:36  690       +0.79     -0.10     +0.00     +1.3      +22.1          
08:39:24  691       +1.24     -0.01     -0.08     +1.2      +22.1          
08:40:09  692       -0.47     +0.17     +0.05     +1.1      +22.1          
08:40:53  693       -0.69     +0.25     -0.04     +1.2      +22.1          
08:41:37  694       -0.19     +0.10     -0.14     +1.3      +22.1          
08:42:25  695       +1.03     -0.10     -0.02     +1.4      +22.1          
08:43:09  696       -0.22     -0.01     +0.06     +1.3      +22.1          
08:43:53  697       -0.12     -0.10     +0.02     +1.4      +22.1          
08:44:37  698       -0.59     +0.20     -0.08     +1.3      +22.1          
08:45:24  699       +1.56     +0.17     -0.06     +1.3      +22.1          
08:46:08  700       -0.44     -0.02     -0.26     +1.4      +22.1          
08:46:53  701       +0.91     +0.06     -0.03     +1.2      +22.1          
08:47:37  702       +0.15     +0.04     +0.13     +1.2      +22.1          
08:48:20  703       -0.43     +0.17     -0.09     +1.2      +22.1          
08:49:05  704       +0.40     +0.02     -0.09     +1.2      +22.1          
08:49:49  705       +0.42     +0.07     -0.14     +1.1      +22.2          
08:50:33  706       -0.40     +0.11     -0.20     +1.2      +22.2          
08:51:21  707       -0.32     +0.09     -0.04     +1.2      +22.3          
08:52:05  708       -0.72     +0.03     -0.00     +1.2      +22.3          
08:52:51  709       -0.16     -0.07     -0.05     +1.2      +22.4          
08:53:32  710       -1.07     +0.09     -0.05     +1.1      +22.4          
08:54:23  711       +1.20     +0.03     -0.03     +1.2      +22.4          
08:55:07  712       -0.14     +0.03     -0.04     +1.2      +22.4          
08:55:52  713       -0.16     +0.12     +0.01     +1.2      +22.4          
08:56:37  714       +0.39     +0.19     -0.07     +1.1      +22.4          
08:57:22  715       +0.56     +0.04     -0.18     +1.3      +22.4          
08:58:06  716       -1.32     +0.05     -0.08     +1.3      +22.4          
08:58:51  717       +0.02     +0.42     +0.00     +1.3      +22.3          
08:59:36  718       +0.70     -0.12     -0.25     +1.4      +22.2          
09:00:20  719       +0.80     +0.06     +0.08     +1.4      +22.1          
09:01:02  720       +0.13     -0.16     -0.21     +1.4      +22.1          
09:01:49  721       +0.08     +0.10     +0.05     +1.3      +22.0          
09:02:33  722       -0.81     +0.22     -0.10     +1.4      +21.8          
09:03:21  723       -0.44     +0.20     -0.04     +1.6      +21.7          
09:04:06  724       +1.48     +0.14     +0.04     +1.8      +21.6          
09:04:51  725       -0.17     -0.12     -0.20     +1.4      +21.5          
09:05:36  726       -0.64     +0.15     -0.13     +1.4      +21.5          
09:06:14  727       +0.30     +0.15     -0.15     +1.5      +21.6          
09:06:59  728       -0.83     +0.01     +0.01     +1.7      +21.7          
09:07:44  729       -0.62     -0.01     -0.29     +1.6      +21.9          
09:08:28  730       +0.84     -0.11     -0.09     +1.5      +22.1          
09:09:12  731       -0.11     -0.14     -0.06     +1.4      +22.2          
09:09:57  732       +0.61     +0.13     -0.10     +1.4      +22.3          
09:10:41  733       -0.80     +0.12     +0.29     +1.4      +22.4          
09:11:26  734       -1.42     +0.09     -0.05     +1.3      +22.4          
09:12:07  735       -0.14     -0.01     -0.10     +1.4      +22.4          
09:12:52  736       -0.23     +0.07     -0.12     +1.3      +22.4          
09:13:36  737       -0.15     +0.01     -0.14     +1.5      +22.4          
09:14:20  738       -0.74     +0.17     +0.13     +1.3      +22.4          
09:15:04  739       -0.91     +0.19     -0.07     +1.4      +22.4          
09:15:53  740       -1.27     +0.11     -0.06     +1.4      +22.4          
09:16:37  741       +0.28     +0.08     -0.24     +1.4      +22.4          
09:17:24  742       +0.03     +0.11     -0.01     +1.4      +22.5          
09:18:09  743       +1.12     +0.12     +0.01     +1.3      +22.6          
09:18:53  744       +1.30     +0.14     -0.13     +1.3      +22.6          
09:19:37  745       +1.54     +0.04     -0.19     +1.3      +22.6          
09:20:25  746       -1.11     +0.18     -0.09     +1.4      +22.7          
09:21:10  747       +0.28     +0.02     -0.07     +1.3      +22.7          
09:21:56  748       +0.04     -0.02     +0.00     +1.2      +22.8          
09:22:41  749       +0.06     +0.05     -0.16     +1.2      +22.8          
09:23:29  750       +0.18     +0.02     -0.25     +1.3      +22.8          
09:24:19  751       -0.24     +0.16     -0.01     +1.4      +22.8          
09:25:03  752       -0.91     +0.27     -0.23     +1.4      +22.9          
09:25:52  753       -0.50     -0.12     +0.00     +1.3      +22.9          
09:26:35  754       -0.08     +0.07     -0.10     +1.3      +22.9          
09:27:24  755       +0.24     +0.18     -0.11     +1.2      +22.9          
09:28:08  756       -0.91     +0.10     +0.04     +1.4      +22.9          
09:28:52  757       +2.16     +0.05     -0.14     +1.5      +23.0          
09:29:36  758       +0.06     +0.08     -0.11     +1.4      +23.1          
09:30:24  759       -0.33     +0.22     -0.13     +1.3      +23.1          
09:31:08  760       -0.39     +0.10     -0.06     +1.3      +23.2          
09:31:54  761       +0.55     +0.14     -0.15     +1.4      +23.3          
09:32:38  762       -0.25     -0.05     +0.00     +1.5      +23.4          
09:33:25  763       +1.02     +0.19     -0.19     +1.4      +23.5          
09:34:09  764       +0.73     +0.10     -0.09     +1.4      +23.4          
09:34:53  765       -1.06     +0.17     -0.09     +1.7      +23.3          
09:35:37  766       +0.55     +0.07     -0.01     +1.6      +23.3          
09:36:26  767       +0.58     +0.08     -0.27     +1.4      +23.3          
09:46:43  769       -13.88    +0.74     -0.74     +1.0      +23.3          
09:46:53  770       +0.00     +8.97     +0.97     +0.0      +23.3          
09:47:03  771       +10.61    +0.56     -0.39     +1.1      +23.3          
09:47:20  772       -20.15    +0.27     +0.35     +1.4      +23.3          
09:47:38  773       -22.74    +0.86     +0.22     +1.4      +23.3          
09:47:48  774       -35.44    +1.04     +1.12     +1.6      +23.3          
09:47:57  775       +0.00     +4.99     +5.85     +0.0      +23.3          
09:48:08  776       +142.75   +0.11     +1.34     +1.4      +23.3          
09:48:25  777       +86.60    +0.05     +0.54     +1.4      +23.3          
09:48:43  778       +36.99    +0.14     +0.18     +1.4      +23.3          
09:49:00  779       +13.83    -0.01     +0.04     +1.5      +23.3          
09:49:28  781       +0.41     -0.03     -0.04     +1.3      +15.3          
09:49:45  782       -4.12     +1.09     -0.83     +1.5      +15.3          
09:50:03  783       -6.26     +0.50     -0.44     +1.3      +15.3          
09:50:21  784       -7.00     +0.09     -0.19     +1.3      +15.3          
09:50:51  785       -7.18     +0.12     -0.23     +1.4      +15.3          
09:51:21  786       -3.41     +0.02     -0.03     +1.4      +15.3          
09:52:05  787       -0.70     +0.16     +0.02     +1.3      +15.3          
09:52:51  788       -0.16     +0.09     -0.10     +1.2      +15.3          
09:53:36  789       +0.82     +0.19     -0.04     +1.3      +15.3          
09:54:23  790       +0.82     +0.04     -0.16     +1.3      +15.3          
09:55:07  791       +1.20     +0.38     -0.04     +1.3      +15.3          
09:55:52  792       -0.41     +0.15     -0.14     +1.3      +15.3          
09:56:33  793       +0.30     +0.08     -0.26     +1.2      +15.3          
09:57:21  794       +0.64     +0.20     -0.13     +1.3      +15.2          
09:58:06  795       +0.50     +0.08     -0.09     +1.4      +15.2          
09:58:51  796       +0.41     -0.09     -0.19     +1.3      +15.2          
09:59:35  797       +0.92     +0.05     -0.09     +1.3      +15.2          
10:00:20  798       +0.76     +0.13     -0.11     +1.3      +15.2          
10:01:06  799       +0.34     -0.10     +0.11     +1.3      +15.3          
10:01:52  800       +0.55     +0.17     -0.07     +1.3      +15.4          
10:02:36  801       +0.25     +0.05     -0.08     +1.3      +15.6          
10:03:25  802       -1.12     +0.10     +0.07     +1.3      +15.8          
10:04:09  803       +0.74     +0.02     -0.08     +1.3      +15.9          
10:04:51  804       -0.38     -0.10     -0.17     +1.3      +15.9          
10:05:36  805       +0.36     -0.00     +0.10     +1.3      +15.9          
10:06:23  806       -0.49     +0.23     -0.13     +1.4      +15.9          
10:07:02  807       +0.15     +0.08     +0.03     +1.3      +15.9          
10:07:52  808       +0.26     +0.04     -0.06     +1.3      +15.8          
10:08:36  809       +0.10     -0.04     -0.10     +1.4      +15.8          
10:09:23  810       -0.17     -0.02     -0.21     +1.3      +15.7          
10:10:07  811       -0.03     -0.02     -0.21     +1.4      +15.6          
10:10:52  812       +0.14     +0.16     +0.00     +1.3      +15.6          
10:11:36  813       +0.09     -0.07     +0.02     +1.4      +15.5          
10:12:24  814       +0.28     +0.14     -0.14     +1.3      +15.5          
10:13:08  815       +0.54     +0.14     -0.00     +1.4      +15.5          
10:13:52  816       -1.29     +0.02     +0.11     +1.4      +15.5          
10:14:36  817       +0.26     +0.15     +0.06     +1.3      +15.4          
10:15:21  818       -0.53     +0.01     +0.10     +1.3      +15.4          
10:16:11  819       +0.14     +0.04     -0.04     +1.4      +15.4          
10:16:55  820       -0.29     -0.04     +0.06     +1.4      +15.4          
10:17:40  821       +0.48     -0.00     +0.09     +1.4      +15.4          
10:18:27  822       -0.16     +0.00     -0.02     +1.6      +15.4          
10:19:12  823       -0.15     +0.08     -0.27     +1.7      +15.4          
10:19:55  824       -0.31     -0.03     -0.19     +1.6      +15.4          
10:20:39  825       +0.17     -0.23     +0.07     +1.6      +15.4          
10:21:25  826       +0.21     +0.11     -0.04     +1.6      +15.3          
10:22:09  827       -0.05     +0.20     -0.12     +1.6      +15.3          
10:22:53  828       +0.83     +0.10     +0.14     +1.6      +15.4          
10:23:37  829       -0.04     -0.20     -0.11     +1.6      +15.4          
10:24:25  830       +1.28     -0.09     +0.02     +1.5      +15.5          
10:25:11  831       -0.96     +0.43     -0.21     +1.6      +15.5          
10:25:56  832       +0.07     -0.10     +0.17     +1.6      +15.5          
10:26:41  833       -0.59     -0.15     -0.24     +1.6      +15.5          
10:27:29  834       -0.93     +0.16     +0.06     +1.4      +15.4          
10:28:22  835       +0.81     +0.16     +0.03     +1.4      +15.3          
10:29:07  836       -0.31     +0.25     -0.28     +1.6      +15.1          
10:29:51  837       +0.19     -0.02     -0.19     +1.6      +15.0          
10:30:30  838       -0.62     -0.01     -0.00     +1.6      +15.0          
10:31:19  839       +0.52     +0.01     +0.21     +1.6      +14.8          
10:32:03  840       +0.35     +0.11     -0.03     +1.4      +14.7          
10:32:51  841       -1.97     +0.12     -0.18     +1.6      +14.7          
10:33:33  842       +0.82     -0.16     -0.08     +1.5      +14.7          
10:34:23  843       +0.31     +0.11     -0.13     +1.9      +14.7          
10:35:04  844       +0.34     -0.03     -0.18     +1.5      +14.7          
10:35:51  845       +1.10     +0.14     +0.10     +1.5      +14.7          
10:36:35  846       -0.53     -0.03     +0.06     +1.4      +14.8          
10:37:15  847       +0.02     +0.02     +0.11     +1.4      +14.9          
10:38:00  848       +0.12     +0.12     -0.10     +1.3      +15.0          
10:38:52  849       -0.27     +0.04     -0.09     +1.3      +15.2          
10:39:36  850       -0.27     +0.04     -0.07     +1.3      +15.3          
10:40:22  851       -0.48     -0.09     -0.11     +1.3      +15.4          
10:41:06  852       +0.30     +0.11     -0.02     +1.3      +15.4          
10:41:47  853       -0.12     -0.03     -0.00     +1.2      +15.4          
10:42:31  854       -0.38     -0.09     -0.20     +1.3      +15.4          
10:43:21  855       +1.83     +0.02     +0.19     +1.4      +15.4          
10:44:06  856       -0.96     +0.12     +0.03     +1.2      +15.3          
10:44:51  857       -0.33     +0.05     -0.02     +1.2      +15.3          
10:45:36  858       -0.28     -0.00     -0.04     +1.3      +15.3          
10:46:23  859       -0.75     -0.00     +0.07     +1.4      +15.3          
10:47:07  860       +0.82     +0.10     -0.00     +1.3      +15.3          
10:47:52  861       -0.24     -0.04     -0.19     +1.2      +15.2          
10:48:35  862       +0.28     -0.15     -0.08     +1.2      +15.1          
10:49:23  863       +0.10     +0.19     +0.12     +1.3      +15.0          
10:50:07  864       +0.06     -0.01     +0.03     +1.3      +14.9          
10:50:51  865       +0.03     +0.05     -0.08     +1.3      +14.8          
10:51:35  866       -0.48     +0.04     +0.01     +1.2      +14.7          
10:52:23  867       +0.91     +0.05     -0.08     +1.2      +14.7          
10:53:07  868       +0.35     +0.03     +0.02     +1.2      +14.7          
10:53:51  869       +0.53     +0.06     -0.05     +1.2      +14.7          
10:54:35  870       -0.33     +0.04     -0.08     +1.2      +14.7          
10:55:23  871       -0.50     +0.05     +0.01     +1.2      +14.7          
10:56:07  872       -0.07     -0.10     +0.12     +1.2      +14.7          
10:56:51  873       -0.09     +0.23     -0.06     +1.3      +14.7          
10:57:35  874       +0.24     +0.03     +0.17     +1.4      +14.7          
11:11:06  876       -14.64    -1.05     -1.07     +1.2      +14.7          
11:11:16  877       +0.00     -6.21     -5.66     +0.0      +14.7          
11:11:26  878       +1.58     -0.22     -0.29     +1.3      +14.7          
11:11:43  879       -6.38     +0.14     +0.22     +1.1      +14.7          
11:11:53  880       +37.10    -0.37     -0.41     +1.3      +14.7          
11:12:02  881       +35.92    +0.18     -0.14     +1.1      +14.7          
11:12:13  882       -28.41    -0.61     +0.84     +1.4      +14.7          
11:12:23  883       -2.68     -0.78     -0.48     +1.2      +14.7          
11:12:33  884       -15.28    +0.13     -1.65     +1.3      +14.7          
11:12:43  885       +0.00     -0.15     -8.14     +0.0      +14.7          
11:12:53  886       +100.20   -0.23     +0.58     +1.1      +14.7          
11:13:11  887       +53.44    -0.05     +0.15     +1.2      +14.7          
11:13:28  888       +25.81    -0.11     -0.09     +1.1      +14.7          
11:13:57  889       +9.43     +0.09     +0.04     +1.1      +14.7          
11:14:24  890       +1.74     +0.05     -0.12     +1.1      +14.7          
11:14:51  891       +0.84     +0.09     -0.01     +1.1      +14.9          
11:15:22  892       +0.91     +0.08     +0.03     +1.1      +14.9          
11:16:08  893       -0.27     +0.17     -0.03     +1.1      +14.9          
11:16:52  894       +0.04     +0.11     -0.26     +1.1      +14.9          
11:17:36  895       +0.03     +0.10     -0.08     +1.1      +14.9          
11:18:25  896       -0.02     +0.01     -0.16     +1.1      +14.8          
11:19:06  897       -0.46     +0.13     -0.05     +1.1      +14.8          
11:19:52  898       -1.25     +0.26     -0.06     +1.1      +14.7          
11:20:35  899       +0.34     +0.15     -0.07     +1.2      +14.7          
11:21:24  900       -0.41     +0.23     -0.12     +1.1      +14.7          
11:22:09  901       +0.32     +0.04     -0.26     +1.2      +14.7          
11:22:53  902       +0.39     -0.03     -0.12     +1.2      +14.7          
11:23:38  903       -0.79     +0.16     -0.08     +1.2      +14.7          
11:24:25  904       +0.71     +0.20     -0.29     +1.4      +14.7          
11:25:10  905       -0.63     +0.22     +0.07     +1.3      +14.7          
11:25:53  906       +0.51     +0.27     +0.04     +1.3      +14.6          
11:26:37  907       +0.01     -0.05     -0.14     +1.3      +14.6          
11:27:22  908       +1.23     +0.10     -0.26     +1.3      +14.6          
11:28:06  909       -0.83     +0.18     -0.17     +1.2      +14.6          
11:28:51  910       -0.57     +0.05     +0.02     +1.3      +14.6          
11:29:37  911       +0.27     +0.10     -0.20     +1.3      +14.6          
11:30:23  912       +0.09     +0.22     -0.15     +1.2      +14.6          
11:31:07  913       +0.35     +0.29     -0.05     +1.3      +14.6          
11:31:52  914       -0.29     +0.16     -0.12     +1.3      +14.7          
11:32:39  915       +0.42     +0.13     -0.18     +1.3      +14.7          
11:33:26  916       -0.63     +0.03     -0.16     +1.3      +14.7          
11:34:11  917       +0.30     +0.03     +0.02     +1.3      +14.6          
11:34:55  918       +0.07     -0.05     -0.19     +1.3      +14.6          
11:35:42  919       -0.09     -0.15     -0.19     +1.3      +14.6          
11:36:27  920       -0.68     +0.31     +0.16     +1.3      +14.6          
11:37:13  921       +0.28     +0.29     -0.01     +1.4      +14.6          
11:37:57  922       +0.71     +0.14     -0.11     +1.3      +14.6          
11:38:41  923       -0.93     +0.03     -0.14     +1.2      +14.6          
11:39:24  924       -0.25     +0.01     -0.13     +1.2      +14.6          
11:40:02  925       -0.38     +0.07     -0.05     +1.3      +14.6          
11:40:51  926       +1.44     +0.12     +0.01     +1.3      +14.6          
11:41:38  927       -0.19     -0.04     -0.29     +1.3      +14.6          
11:42:22  928       -0.34     +0.09     -0.14     +1.2      +14.6          
11:43:09  929       +0.31     +0.22     +0.20     +1.3      +14.6          
11:43:54  930       -0.27     +0.11     -0.06     +1.3      +14.5          
11:44:39  931       +0.10     +0.26     -0.14     +1.3      +14.4          
11:45:26  932       -0.61     -0.03     -0.19     +1.3      +14.3          
11:46:11  933       -3.11     +0.11     -0.01     +1.3      +14.1          
11:46:55  934       +0.71     +0.13     -0.20     +1.3      +13.9          
11:47:40  935       +8.02     -0.07     -0.00     +1.3      +13.7          
11:48:28  936       +3.81     +0.04     -0.01     +1.2      +13.5          
11:49:12  937       +3.76     +0.11     +0.31     +2.3      +13.3          
